Black Body Radiation Experiment Wed, Sep 23, 2020 1:08 PM
Sensor Position (Degrees)	Light Intensity (Volts)
0.00000	0.00979
0.00000	0.01188
0.00000	0.01446
0.00000	0.01478
0.00000	0.01414
0.00000	0.01124
0.00000	0.01124
0.00000	0.01397
0.00000	0.01542
0.00000	0.01204
0.00000	0.01107
0.00000	0.01285
0.00000	0.01252
0.00000	0.01188
0.00000	0.00834
0.00000	0.01188
0.00000	0.01285
0.00000	0.01075
0.00000	0.00979
0.00000	0.01381
0.00000	0.01059
0.00000	0.01510
0.00000	0.01059
0.00000	0.01172
0.00000	0.01269
0.00000	0.01542
0.00000	0.01107
0.00000	0.01140
0.00000	0.01059
0.00000	0.01220
0.00000	0.00979
0.00000	0.01349
0.00000	0.01591
0.01035	0.01671
0.01035	0.01236
0.02070	0.01043
0.02070	0.01220
0.02070	0.01236
0.02070	0.01301
0.03104	0.01043
0.03104	0.01220
0.03104	0.01446
0.04139	0.01204
0.05174	0.01107
0.07244	0.00801
0.08279	0.00705
0.08279	0.01107
0.08279	0.01252
0.09313	0.00995
0.09313	0.01317
0.10348	0.01075
0.11383	0.01269
0.13453	0.01156
0.15522	0.00930
0.16557	0.00882
0.18627	0.00302
0.20696	0.01107
0.24836	0.01188
0.27940	0.00817
0.31045	0.00850
0.33114	0.01027
0.35184	0.00995
0.37254	0.01091
0.39323	0.00785
0.40358	0.01140
0.41393	0.00962
0.43462	0.01172
0.45532	0.01220
0.48637	0.01156
0.51741	0.00962
0.54845	0.00689
0.56915	0.01188
0.60020	0.00672
0.63124	0.00834
0.65194	0.00882
0.68298	0.00979
0.71403	0.01301
0.74507	0.00560
0.78646	0.00721
0.79681	0.00946
0.81751	0.00995
0.85890	0.00930
0.90029	0.01075
0.94169	0.00995
0.97273	0.00592
1.01412	0.00850
1.04517	0.00689
1.08656	0.01043
1.12795	0.00834
1.15900	0.00511
1.20039	0.00656
1.23144	0.01091
1.27283	0.00769
1.30387	0.00721
1.32457	0.00850
1.35561	0.01156
1.38666	0.01059
1.41770	0.01043
1.45910	0.00753
1.50049	0.00979
1.54188	0.01140
1.57293	0.01107
1.61432	0.00979
1.65571	0.01124
1.68676	0.00817
1.71780	0.00898
1.74885	0.01478
1.77989	0.01140
1.80059	0.01091
1.83163	0.00898
1.85233	0.00962
1.86268	0.01043
1.88337	0.01220
1.89372	0.00463
1.90407	0.00995
1.92476	0.01091
1.93511	0.00882
1.95581	0.00995
1.97651	0.00882
1.98685	0.00801
2.00755	0.01301
2.01790	0.00689
2.02825	0.00737
2.04894	0.00898
2.06964	0.00898
2.09034	0.01365
2.11103	0.00834
2.14208	0.00769
2.17312	0.00930
2.20417	0.01011
2.23521	0.00689
2.25591	0.00979
2.28695	0.01091
2.32834	0.00689
2.35939	0.00866
2.40078	0.00930
2.43183	0.00817
2.45252	0.01059
2.47322	0.00995
2.50426	0.00946
2.52496	0.01027
2.55600	0.00817
2.57670	0.01204
2.59740	0.00785
2.61809	0.01027
2.63879	0.00898
2.65949	0.00850
2.68018	0.00866
2.72158	0.00946
2.76297	0.00705
2.79401	0.00689
2.82506	0.01140
2.84575	0.00995
2.86645	0.01156
2.86645	0.00672
2.87680	0.01107
2.88715	0.01156
2.90784	0.01301
2.91819	0.01204
2.93889	0.01172
2.95958	0.01204
2.98028	0.01349
3.00098	0.01188
3.02167	0.00946
3.03202	0.01124
3.05272	0.01140
3.06307	0.01269
3.07341	0.01349
3.08376	0.01381
3.09411	0.00962
3.10446	0.01059
3.12516	0.00801
3.13550	0.00753
3.15620	0.01124
3.17690	0.01349
3.19759	0.00817
3.21829	0.01059
3.24933	0.01317
3.28038	0.01027
3.30107	0.01381
3.33212	0.01043
3.36316	0.01027
3.38386	0.00995
3.41490	0.00995
3.44595	0.00640
3.48734	0.01414
3.54943	0.01236
3.60117	0.01236
3.65291	0.01156
3.68396	0.00979
3.73570	0.01059
3.77709	0.01494
3.82883	0.01220
3.88057	0.01526
3.92197	0.01269
3.98406	0.01478
4.04614	0.01252
4.10823	0.01800
4.14963	0.01591
4.20137	0.01220
4.24276	0.01220
4.28415	0.01285
4.31520	0.00962
4.35659	0.00769
4.38764	0.01252
4.41868	0.01027
4.44972	0.01236
4.47042	0.01204
4.49112	0.01075
4.50147	0.01414
4.52216	0.01494
4.54286	0.01752
4.56355	0.01349
4.58425	0.01301
4.59460	0.01285
4.61530	0.01510
4.63599	0.01236
4.65669	0.01494
4.67738	0.01059
4.68773	0.01027
4.70843	0.01156
4.72913	0.01043
4.74982	0.01075
4.76017	0.01075
4.78087	0.00962
4.79121	0.01381
4.81191	0.01091
4.82226	0.01317
4.83261	0.01124
4.85330	0.01043
4.88435	0.01285
4.91539	0.01526
4.95679	0.01204
4.98783	0.01510
5.01888	0.01269
5.04992	0.01639
5.09131	0.01204
5.14305	0.01043
5.17410	0.01462
5.20514	0.01414
5.23619	0.00882
5.26723	0.01349
5.29828	0.01188
5.33967	0.01204
5.37071	0.01865
5.40176	0.01091
5.43280	0.01397
5.44315	0.01236
5.46385	0.01397
5.47420	0.00979
5.48454	0.01430
5.49489	0.01285
5.50524	0.01236
5.51559	0.00898
5.53628	0.01349
5.54663	0.01397
5.55698	0.01365
5.56733	0.01269
5.57768	0.01301
5.58803	0.01510
5.59837	0.01075
5.60872	0.01848
5.62942	0.01252
5.65012	0.01124
5.66046	0.01462
5.68116	0.01591
5.70186	0.01204
5.72255	0.01220
5.74325	0.01091
5.76395	0.01494
5.79499	0.01349
5.81569	0.01043
5.84673	0.01414
5.87778	0.01591
5.92952	0.01397
5.97091	0.01349
6.01230	0.01301
6.05369	0.01140
6.09509	0.01301
6.12613	0.00834
6.16752	0.01220
6.19857	0.01349
6.22961	0.01510
6.26066	0.01559
6.29170	0.01510
6.31240	0.01430
6.34344	0.01269
6.36414	0.01639
6.38484	0.01542
6.40553	0.01655
6.43658	0.01623
6.45727	0.01655
6.48832	0.01414
6.51936	0.01494
6.55041	0.01156
6.58145	0.01236
6.61250	0.01494
6.65389	0.01349
6.68493	0.01462
6.71598	0.01269
6.74702	0.01414
6.77807	0.01317
6.80911	0.01252
6.84016	0.01591
6.86085	0.01333
6.89190	0.01542
6.92294	0.01204
6.95399	0.01575
6.98503	0.01107
7.00573	0.00898
7.03677	0.01446
7.05747	0.01881
7.08851	0.01333
7.10921	0.01059
7.12991	0.01752
7.15060	0.01494
7.17130	0.01140
7.19200	0.01703
7.21269	0.01269
7.22304	0.01703
7.23339	0.01397
7.24374	0.01623
7.25409	0.01510
7.28513	0.01414
7.30583	0.01478
7.32652	0.01542
7.35757	0.01397
7.36792	0.01365
7.38861	0.01784
7.40931	0.01269
7.41966	0.01381
7.43000	0.01462
7.44035	0.01510
7.45070	0.01784
7.46105	0.01559
7.47140	0.01929
7.48175	0.01365
7.50244	0.01945
7.51279	0.01462
7.52314	0.01526
7.53349	0.01414
7.55418	0.01188
7.56453	0.01478
7.57488	0.01397
7.59558	0.01462
7.60592	0.01575
7.61627	0.01494
7.62662	0.01446
7.63697	0.01236
7.64732	0.01269
7.65767	0.01494
7.67836	0.01365
7.69906	0.01204
7.71975	0.01526
7.74045	0.01381
7.76115	0.01446
7.78184	0.01623
7.81289	0.01623
7.83358	0.01285
7.85428	0.01478
7.87498	0.01575
7.90602	0.01623
7.93707	0.01639
7.95776	0.01607
7.98881	0.01285
8.01985	0.01333
8.04055	0.01736
8.07159	0.01800
8.10264	0.01478
8.13368	0.01591
8.17507	0.01526
8.20612	0.01897
8.24751	0.01623
8.28891	0.01993
8.31995	0.01301
8.34065	0.01623
8.37169	0.01703
8.39239	0.01365
8.42343	0.01236
8.44413	0.01430
8.47517	0.01961
8.50622	0.01365
8.54761	0.01655
8.57865	0.01446
8.60970	0.01816
8.63040	0.01542
8.65109	0.01768
8.67179	0.01816
8.70283	0.01639
8.72353	0.01703
8.76492	0.01414
8.78562	0.01236
8.81666	0.01848
8.83736	0.01784
8.85806	0.01752
8.87875	0.01720
8.89945	0.01720
8.92015	0.01542
8.94084	0.01752
8.96154	0.01494
8.99258	0.01446
9.01328	0.01816
9.04432	0.01252
9.07537	0.01993
9.09606	0.01607
9.11676	0.01913
9.12711	0.01591
9.14781	0.02058
9.16850	0.02074
9.20989	0.01703
9.23059	0.01848
9.25129	0.01526
9.27198	0.01269
9.29268	0.01397
9.30303	0.01945
9.32372	0.01816
9.33407	0.01607
9.35477	0.01752
9.36512	0.01526
9.38581	0.01510
9.39616	0.01220
9.41686	0.02042
9.42721	0.01478
9.44790	0.01784
9.45825	0.01671
9.47895	0.01462
9.48930	0.01671
9.50999	0.01494
9.53069	0.01639
9.55139	0.01559
9.58243	0.01397
9.60313	0.01720
9.63417	0.01929
9.66522	0.01881
9.68591	0.01752
9.70661	0.01559
9.72730	0.01961
9.74800	0.01381
9.76870	0.01929
9.78939	0.01865
9.82044	0.01720
9.85148	0.01671
9.88253	0.02171
9.91357	0.01478
9.95496	0.01800
9.99636	0.01607
10.01705	0.02042
10.04810	0.01639
10.06879	0.01800
10.09984	0.01945
10.12054	0.02155
10.14123	0.01929
10.17228	0.02412
10.20332	0.01703
10.24471	0.01832
10.26541	0.01816
10.28611	0.01848
10.30680	0.01897
10.31715	0.02138
10.33785	0.01752
10.36889	0.01832
10.38959	0.02364
10.41029	0.01623
10.43098	0.01752
10.46203	0.01768
10.50342	0.01639
10.53446	0.02187
10.57586	0.01752
10.60690	0.01591
10.63795	0.01800
10.66899	0.02026
10.70003	0.01639
10.73108	0.02026
10.75178	0.01526
10.79317	0.01784
10.81386	0.01881
10.83456	0.01655
10.86561	0.01671
10.88630	0.01736
10.90700	0.01687
10.92770	0.01897
10.94839	0.01993
10.96909	0.02219
11.00013	0.02026
11.02083	0.01816
11.05187	0.01977
11.07257	0.02171
11.10361	0.01832
11.12431	0.01897
11.14501	0.02122
11.16570	0.01929
11.18640	0.01768
11.19675	0.02251
11.21744	0.02364
11.23814	0.02122
11.24849	0.02300
11.25884	0.01768
11.26919	0.02042
11.27953	0.01961
11.27953	0.02106
11.28988	0.01752
11.30023	0.01865
11.31058	0.01993
11.33127	0.01961
11.35197	0.01929
11.37267	0.02300
11.40371	0.02348
11.41406	0.02026
11.43476	0.01961
11.45545	0.02010
11.47615	0.01848
11.50719	0.02010
11.53824	0.02026
11.55894	0.02283
11.58998	0.02251
11.62102	0.02122
11.66242	0.02622
11.69346	0.02348
11.72451	0.02042
11.75555	0.02670
11.78660	0.02283
11.81764	0.02573
11.85903	0.02686
11.89008	0.02267
11.91077	0.02541
11.93147	0.02590
11.95217	0.02767
11.98321	0.02477
12.00391	0.02702
12.02460	0.02557
12.04530	0.02428
12.06600	0.02783
12.08669	0.02541
12.11774	0.02557
12.13843	0.02654
12.16948	0.02541
12.20052	0.02880
12.23157	0.02412
12.27296	0.03137
12.31435	0.02976
12.36609	0.03395
12.38679	0.02783
12.43853	0.03250
12.46958	0.02992
12.49027	0.03669
12.51097	0.03395
12.54201	0.03298
12.55236	0.03540
12.57306	0.03073
12.58341	0.03459
12.60410	0.03927
12.61445	0.03669
12.64550	0.03637
12.67654	0.03685
12.70758	0.03604
12.72828	0.03846
12.74898	0.04007
12.78002	0.03766
12.83176	0.04217
12.86281	0.04072
12.90420	0.04265
12.94559	0.04152
12.97664	0.04555
13.01803	0.04635
13.06977	0.04877
13.11116	0.04603
13.15256	0.05296
13.18360	0.05328
13.22499	0.05683
13.26639	0.05360
13.30778	0.05844
13.33882	0.06343
13.36987	0.05924
13.41126	0.06520
13.43196	0.06907
13.46300	0.07100
13.48370	0.07116
13.50440	0.07600
13.51474	0.07084
13.51474	0.07600
13.52509	0.08115
13.52509	0.08002
13.54579	0.08228
13.54579	0.07712
13.56649	0.07809
13.57683	0.08308
13.59753	0.08534
13.61823	0.08840
13.63892	0.08437
13.65962	0.08470
13.66997	0.09017
13.68032	0.09195
13.70101	0.09033
13.72171	0.09243
13.73206	0.09114
13.75275	0.09195
13.77345	0.09420
13.79415	0.09774
13.80449	0.09919
13.83554	0.10209
13.84589	0.10870
13.85623	0.10371
13.86658	0.11095
13.87693	0.10854
13.89763	0.11176
13.90798	0.10886
13.90798	0.10934
13.91832	0.12014
13.92867	0.11514
13.93902	0.11837
13.95972	0.11659
13.97006	0.11643
13.99076	0.12320
14.01146	0.12336
14.03215	0.12288
14.04250	0.12884
14.06320	0.12513
14.07355	0.13206
14.08389	0.13206
14.09424	0.13609
14.10459	0.13882
14.11494	0.13882
14.12529	0.13882
14.12529	0.14221
14.12529	0.13834
14.13564	0.13866
14.14598	0.13770
14.15633	0.14607
14.16668	0.14205
14.17703	0.14607
14.18738	0.14785
14.19773	0.14849
14.19773	0.15155
14.20807	0.15058
14.20807	0.15622
14.21842	0.15365
14.21842	0.15510
14.22877	0.15300
14.22877	0.15671
14.22877	0.15655
14.23912	0.15477
14.23912	0.15848
14.24947	0.15993
14.25981	0.16379
14.25981	0.15558
14.27016	0.16057
14.27016	0.16605
14.27016	0.16428
14.27016	0.16428
14.28051	0.16492
14.28051	0.16170
14.28051	0.15896
14.29086	0.16379
14.29086	0.16347
14.29086	0.16734
14.30121	0.16331
14.30121	0.16299
14.30121	0.16702
14.30121	0.16621
14.30121	0.17024
14.30121	0.16428
14.30121	0.16428
14.31156	0.16879
14.31156	0.16927
14.31156	0.17137
14.31156	0.16943
14.31156	0.16911
14.31156	0.16718
14.31156	0.16831
14.32190	0.17185
14.32190	0.17249
14.33225	0.17298
14.33225	0.17024
14.35295	0.17217
14.36330	0.17491
14.38399	0.17346
14.40469	0.17362
14.44608	0.18071
14.46678	0.18442
14.49782	0.18377
14.52887	0.18796
14.54956	0.18925
14.57026	0.19537
14.60130	0.19827
14.63235	0.19827
14.66339	0.20504
14.67374	0.20487
14.69444	0.21357
14.71513	0.21518
14.73583	0.21663
14.76688	0.22098
14.78757	0.21986
14.81862	0.22356
14.84966	0.22517
14.87036	0.22872
14.90140	0.23436
14.92210	0.23468
14.96349	0.24080
14.98419	0.24209
15.02558	0.24579
15.04628	0.24612
15.06697	0.24660
15.08767	0.24563
15.10837	0.25063
15.12906	0.25481
15.14976	0.25272
15.17046	0.25884
15.18080	0.25562
15.19115	0.25578
15.20150	0.25336
15.21185	0.25771
15.22220	0.25304
15.22220	0.25530
15.23254	0.25514
15.23254	0.25933
15.23254	0.25739
15.24289	0.25675
15.24289	0.25820
15.24289	0.25691
15.24289	0.25900
15.24289	0.25981
15.24289	0.26271
15.24289	0.25949
15.25324	0.25949
15.25324	0.26223
15.25324	0.25916
15.25324	0.25900
15.25324	0.25981
15.26359	0.26174
15.26359	0.26045
15.26359	0.26029
15.26359	0.25868
15.26359	0.25771
15.26359	0.25900
15.26359	0.26126
15.26359	0.25997
15.26359	0.25788
15.26359	0.26174
15.26359	0.26110
15.27394	0.26738
15.27394	0.25868
15.27394	0.25771
15.27394	0.26029
15.27394	0.26126
15.27394	0.26094
15.28429	0.26126
15.28429	0.25449
15.28429	0.25804
15.28429	0.25788
15.28429	0.25804
15.28429	0.25868
15.28429	0.26029
15.29463	0.25771
15.29463	0.25514
15.29463	0.26303
15.29463	0.26190
15.29463	0.25836
15.29463	0.26110
15.29463	0.26061
15.29463	0.25997
15.29463	0.26045
15.29463	0.25514
15.30498	0.25804
15.30498	0.25836
15.30498	0.26335
15.31533	0.26303
15.31533	0.25433
15.31533	0.26142
15.32568	0.25949
15.32568	0.25949
15.32568	0.25723
15.33603	0.25804
15.33603	0.25852
15.33603	0.26013
15.34637	0.25755
15.34637	0.25965
15.35672	0.26110
15.36707	0.26223
15.37742	0.25530
15.38777	0.25562
15.40846	0.25900
15.43951	0.25852
15.47055	0.25723
15.51195	0.25369
15.54299	0.25546
15.56369	0.25272
15.58438	0.24982
15.60508	0.25063
15.62578	0.24434
15.64647	0.24209
15.67752	0.24595
15.69821	0.23919
15.71891	0.23629
15.73961	0.23613
15.77065	0.23500
15.80170	0.23291
15.82239	0.23113
15.85344	0.22984
15.87413	0.22614
15.89483	0.22421
15.90518	0.21857
15.92587	0.21663
15.95692	0.21518
15.98796	0.21261
16.01901	0.21245
16.06040	0.21212
16.09144	0.20649
16.12249	0.20085
16.15353	0.19827
16.18458	0.18973
16.20528	0.18941
16.24667	0.18103
16.27771	0.17926
16.29841	0.17523
16.33980	0.17121
16.37085	0.16653
16.40189	0.16379
16.43294	0.15800
16.47433	0.15558
16.50537	0.15139
16.53642	0.14801
16.55711	0.14398
16.57781	0.13947
16.58816	0.13222
16.59851	0.13447
16.60885	0.13061
16.61920	0.13077
16.61920	0.12513
16.62955	0.12304
16.62955	0.12481
16.63990	0.12304
16.65025	0.12384
16.66060	0.12239
16.67094	0.12207
16.67094	0.12030
16.67094	0.11885
16.67094	0.11853
16.67094	0.11788
16.67094	0.11530
16.67094	0.11675
16.67094	0.11756
16.67094	0.11144
16.67094	0.11176
16.67094	0.11756
16.67094	0.11740
16.67094	0.11353
16.67094	0.11353
16.68129	0.11385
16.68129	0.11659
16.68129	0.11530
16.68129	0.11547
16.68129	0.11079
16.68129	0.11530
16.69164	0.11112
16.69164	0.11160
16.70199	0.11305
16.70199	0.11466
16.71234	0.10822
16.72268	0.10870
16.73303	0.11015
16.75373	0.11015
16.78477	0.10580
16.79512	0.10725
16.80547	0.10226
16.81582	0.10661
16.82617	0.09919
16.83652	0.10048
16.85721	0.10226
16.87791	0.10016
16.90895	0.09646
16.94000	0.09774
16.97104	0.09613
16.99174	0.09420
17.01243	0.09033
17.02278	0.08921
17.03313	0.08856
17.04348	0.08969
17.05383	0.08292
17.07452	0.08389
17.09522	0.07970
17.12626	0.08035
17.15731	0.08019
17.19870	0.07116
17.22975	0.07052
17.26079	0.07374
17.30218	0.07084
17.33323	0.06681
17.36427	0.06198
17.40567	0.06279
17.45741	0.06166
17.49880	0.05715
17.52984	0.05666
17.54019	0.05457
17.56089	0.05119
17.57124	0.05296
17.57124	0.04974
17.58159	0.04732
17.59193	0.04523
17.60228	0.04797
17.62298	0.04619
17.64367	0.04056
17.68507	0.04281
17.72646	0.03943
17.76785	0.04056
17.80925	0.03749
17.84029	0.03492
17.87133	0.03089
17.90238	0.03411
17.92308	0.03089
17.95412	0.03282
17.97482	0.02896
18.00586	0.02992
18.02656	0.02799
18.05760	0.03073
18.07830	0.02638
18.11969	0.02525
18.17143	0.02428
18.22317	0.02235
18.28526	0.02235
18.32666	0.02042
18.36805	0.02300
18.39909	0.02267
18.43014	0.02058
18.46118	0.02090
18.48188	0.02316
18.50257	0.02219
18.52327	0.02074
18.54397	0.01993
18.55432	0.01752
18.57501	0.01961
18.58536	0.01993
18.59571	0.01800
18.61640	0.02122
18.63710	0.01832
18.66815	0.02203
18.67849	0.01913
18.68884	0.01526
18.69919	0.02010
18.71989	0.01897
18.73023	0.02364
18.74058	0.01865
18.74058	0.01639
18.75093	0.02219
18.77163	0.02219
18.78198	0.02026
18.80267	0.01897
18.82337	0.02445
18.83372	0.02122
18.83372	0.02106
18.84407	0.02219
18.84407	0.02090
18.84407	0.01703
18.84407	0.01929
18.85441	0.01961
18.85441	0.01881
18.86476	0.01671
18.87511	0.01929
18.88546	0.02090
18.90615	0.01736
18.91650	0.01301
18.94755	0.01816
18.97859	0.02042
19.01998	0.01623
19.06138	0.02219
19.10277	0.01881
19.14416	0.02106
19.17521	0.02155
19.20625	0.01816
19.23730	0.01881
19.25799	0.01848
19.29939	0.01591
19.33043	0.02026
19.36147	0.02155
19.39252	0.02010
19.41322	0.01768
19.44426	0.01848
19.46496	0.02090
19.48565	0.01848
19.50635	0.02026
19.53739	0.01881
19.56844	0.01607
19.59948	0.01816
19.63053	0.01720
19.65122	0.01639
19.68227	0.02026
19.71331	0.01961
19.73401	0.02026
19.78575	0.02106
19.81680	0.01993
19.84784	0.02122
19.86854	0.01768
19.88923	0.02058
19.90993	0.01897
19.93063	0.02090
19.95132	0.02010
19.97202	0.01961
19.99271	0.02122
20.01341	0.01929
20.03411	0.01929
20.05480	0.02090
20.07550	0.02364
20.08585	0.02509
20.10655	0.02187
20.11689	0.02557
20.11689	0.02187
20.12724	0.02686
20.12724	0.02445
20.14794	0.02203
20.15829	0.01897
20.18933	0.02364
20.21003	0.02445
20.22038	0.02026
20.23072	0.02122
20.24107	0.01913
20.24107	0.02283
20.24107	0.02042
20.24107	0.01816
20.24107	0.02155
20.24107	0.02187
20.24107	0.02412
20.25142	0.02493
20.25142	0.02332
20.25142	0.02348
20.25142	0.02171
20.25142	0.01881
20.25142	0.02235
20.25142	0.02396
20.26177	0.02380
20.26177	0.01832
20.26177	0.01961
20.26177	0.01897
20.26177	0.02300
20.26177	0.02573
20.26177	0.02219
20.26177	0.02010
20.26177	0.02380
20.26177	0.02122
20.26177	0.02122
20.26177	0.02251
20.26177	0.02477
20.26177	0.02074
20.26177	0.01784
20.27212	0.02348
20.28246	0.02509
20.31351	0.02187
20.35490	0.02171
20.38595	0.02783
20.40664	0.02364
20.43769	0.02751
20.46873	0.02541
20.49978	0.02090
20.53082	0.02332
20.57221	0.02428
20.60326	0.02525
20.62395	0.02493
20.64465	0.02155
20.66535	0.02187
20.67570	0.02251
20.68604	0.02332
20.68604	0.02171
20.69639	0.02106
20.70674	0.02106
20.71709	0.02364
20.72744	0.02396
20.73778	0.02283
20.74813	0.02283
20.75848	0.02235
20.76883	0.02348
20.78953	0.02348
20.79987	0.02525
20.82057	0.02348
20.85162	0.01945
20.87231	0.02267
20.91370	0.01752
20.94475	0.01816
20.97579	0.02428
21.01719	0.02203
21.05858	0.02283
21.08962	0.02316
21.11032	0.02155
21.12067	0.01945
21.13102	0.02155
21.15171	0.02428
21.18276	0.02316
21.21380	0.02396
21.23450	0.02348
21.26554	0.02219
21.28624	0.02010
21.31728	0.01993
21.33798	0.02541
21.34833	0.01720
21.35868	0.01977
21.35868	0.02300
21.36902	0.02219
21.37937	0.02267
21.37937	0.02203
21.40007	0.02203
21.41042	0.02187
21.42077	0.02557
21.43111	0.02477
21.45181	0.02316
21.46216	0.02171
21.48286	0.02316
21.50355	0.02622
21.52425	0.02670
21.53460	0.02316
21.54494	0.02364
21.55529	0.02203
21.56564	0.02171
21.57599	0.02461
21.57599	0.02380
21.58634	0.02171
21.58634	0.02219
21.58634	0.02171
21.58634	0.02445
21.59669	0.02493
21.60703	0.02364
21.61738	0.02461
21.64843	0.02026
21.66912	0.02428
21.70017	0.02042
21.72086	0.02573
21.74156	0.02380
21.76226	0.02686
21.78295	0.02461
21.80365	0.02557
21.82435	0.02412
21.84504	0.02316
21.86574	0.02396
21.89678	0.02428
21.92783	0.02219
21.95887	0.02219
21.97957	0.02783
22.00026	0.02332
22.02096	0.02348
22.04166	0.02010
22.06235	0.02573
22.07270	0.02138
22.10375	0.02026
22.12444	0.02316
22.15549	0.02058
22.18653	0.02251
22.20723	0.02026
22.23827	0.02203
22.25897	0.02251
22.27967	0.02090
22.29001	0.02026
22.30036	0.02509
22.31071	0.02187
22.33141	0.02380
22.36245	0.02364
22.39350	0.02541
22.42454	0.02332
22.44524	0.02428
22.46593	0.02042
22.53837	0.01993
22.56942	0.02235
22.59011	0.01881
22.62116	0.02219
22.64185	0.02590
22.66255	0.02219
22.68325	0.01865
22.69359	0.02122
22.71429	0.02171
22.73499	0.02171
22.74534	0.02622
22.75568	0.02203
22.78673	0.02219
22.80742	0.02364
22.82812	0.02155
22.85917	0.02267
22.87986	0.02106
22.91091	0.01929
22.93160	0.02090
22.96265	0.02348
22.98334	0.02364
23.01439	0.01977
23.03508	0.02412
23.06613	0.01945
23.08683	0.02203
23.11787	0.02203
23.13857	0.02622
23.15926	0.02235
23.17996	0.02058
23.20066	0.02106
23.22135	0.02251
23.24205	0.02187
23.26274	0.01945
23.28344	0.02187
23.30414	0.02493
23.32483	0.02461
23.34553	0.02122
23.36623	0.02187
23.38692	0.02155
23.40762	0.01559
23.43866	0.02090
23.46971	0.01993
23.50075	0.02380
23.52145	0.02493
23.55249	0.01736
23.57319	0.02171
23.59389	0.02283
23.60424	0.02171
23.62493	0.01929
23.64563	0.02396
23.67667	0.02364
23.69737	0.01784
23.71807	0.01993
23.73876	0.01784
23.75946	0.01865
23.78015	0.01977
23.79050	0.02300
23.80085	0.02203
23.81120	0.01655
23.82155	0.02348
23.84224	0.02074
23.86294	0.02138
23.88364	0.01832
23.90433	0.01800
23.92503	0.02138
23.94573	0.02122
23.96642	0.01961
23.98712	0.01993
23.99747	0.02380
24.01816	0.01913
24.02851	0.02364
24.04921	0.02235
24.06990	0.01897
24.09060	0.02074
24.12165	0.01993
24.16304	0.02332
24.19408	0.02074
24.22513	0.01929
24.25617	0.02026
24.27687	0.02155
24.30791	0.02219
24.32861	0.02058
24.34931	0.01848
24.38035	0.02155
24.40105	0.02122
24.42174	0.02106
24.44244	0.02058
24.46314	0.01897
24.47348	0.02058
24.49418	0.01945
24.51488	0.01784
24.54592	0.02058
24.56662	0.02251
24.59766	0.02380
24.61836	0.01768
24.63905	0.02074
24.67010	0.01881
24.69080	0.01945
24.72184	0.02042
24.74254	0.02106
24.77358	0.01993
24.79428	0.02525
24.82532	0.02380
24.84602	0.02010
24.87706	0.02541
24.90811	0.01848
24.92880	0.01993
24.95985	0.01784
24.98055	0.02235
25.00124	0.01865
25.03229	0.01784
25.05298	0.01865
25.07368	0.02106
25.09438	0.02010
25.11507	0.02428
25.14612	0.02155
25.16681	0.02283
25.17716	0.02074
25.19786	0.02428
25.20821	0.02203
25.21855	0.02283
25.23925	0.02187
25.24960	0.02461
25.28064	0.01961
25.29099	0.02171
25.31169	0.02171
25.32204	0.02251
25.34273	0.02348
25.35308	0.01832
25.36343	0.01800
25.36343	0.01961
25.37378	0.02219
25.38413	0.02138
25.40482	0.01784
25.43587	0.02251
25.47726	0.02412
25.52900	0.02316
25.58074	0.02042
25.63248	0.02010
25.69457	0.02332
25.74631	0.02171
25.80840	0.02171
25.86014	0.01752
25.90153	0.02155
25.95328	0.01800
25.99467	0.02058
26.04641	0.01768
26.08780	0.01848
26.12920	0.01993
26.18094	0.01768
26.22233	0.01961
26.27407	0.01929
26.31546	0.01736
26.36720	0.02187
26.40860	0.01945
26.44999	0.02203
26.48103	0.01945
26.53277	0.01993
26.57417	0.02219
26.62591	0.02138
26.66730	0.01848
26.71904	0.02235
26.76044	0.02477
26.82252	0.02187
26.89496	0.02380
26.96740	0.02235
27.02949	0.02235
27.08123	0.02445
27.13297	0.02203
27.19506	0.02283
27.24680	0.01977
27.29854	0.02058
27.35028	0.02300
27.40202	0.02010
27.44342	0.02074
27.48481	0.02235
27.53655	0.02026
27.57794	0.02171
27.62968	0.01865
27.67108	0.02058
27.72282	0.02316
27.76421	0.02235
27.80560	0.01848
27.83665	0.01752
27.86769	0.02122
27.90908	0.01977
27.95048	0.02428
27.99187	0.02412
28.02292	0.02300
28.04361	0.02106
28.05396	0.02155
28.06431	0.02300
28.08500	0.02138
28.10570	0.02042
28.12640	0.02364
28.15744	0.02090
28.17814	0.02171
28.19883	0.02525
28.21953	0.02573
28.22988	0.02396
28.25058	0.02219
28.27127	0.02396
28.30232	0.02493
28.33336	0.02364
28.35406	0.02155
28.38510	0.02332
28.41615	0.02477
28.43684	0.02058
28.46789	0.02638
28.49893	0.02557
28.51963	0.02300
28.54032	0.02509
28.56102	0.02557
28.59207	0.02445
28.62311	0.02396
28.64381	0.02316
28.66450	0.02348
28.69555	0.02445
28.71624	0.02509
28.72659	0.02348
28.74729	0.02896
28.76799	0.02654
28.77833	0.02670
28.79903	0.02702
28.81973	0.02187
28.85077	0.02461
28.87147	0.02622
28.89216	0.02590
28.91286	0.02187
28.93356	0.02477
28.96460	0.02428
28.98530	0.02187
29.00599	0.02364
29.03704	0.02477
29.05773	0.02300
29.07843	0.02267
29.09913	0.02670
29.11982	0.02590
29.13017	0.02751
29.15087	0.02493
29.16122	0.02203
29.16122	0.02590
29.18191	0.02509
29.18191	0.02590
29.20261	0.02573
29.21296	0.02493
29.22331	0.02461
29.24400	0.02751
29.25435	0.02461
29.27505	0.02831
29.29574	0.02348
29.30609	0.02654
29.32679	0.02525
29.34748	0.02332
29.36818	0.02509
29.37853	0.02557
29.39923	0.02573
29.41992	0.02686
29.45097	0.02412
29.48201	0.02493
29.50271	0.02283
29.53375	0.02058
29.55445	0.02944
29.57514	0.02622
29.59584	0.02751
29.61654	0.02155
29.63723	0.02573
29.65793	0.02670
29.67863	0.02267
29.69932	0.02654
29.72002	0.02735
29.74072	0.02831
29.76141	0.02735
29.78211	0.02799
29.81315	0.02396
29.83385	0.02751
29.85455	0.02477
29.87524	0.02735
29.89594	0.02525
29.92698	0.02493
29.95803	0.02638
29.98907	0.02928
30.02012	0.02251