Black Body Radiation Experiment Wed, Sep 23, 2020 2:46 PM
Sensor Position (Degrees)	Light Intensity (Volts)
0.00000	-0.07833
0.00000	-0.08107
0.00000	-0.07850
0.00000	-0.07608
0.00000	-0.07721
0.00000	-0.07817
0.00000	-0.07656
0.00000	-0.07946
0.00000	-0.07785
0.00000	-0.07850
0.00000	-0.07833
0.00000	-0.07930
0.00000	-0.07753
0.00000	-0.07753
0.00000	-0.07785
0.00000	-0.07946
0.00000	-0.07833
0.00000	-0.08220
0.00000	-0.07995
0.00000	-0.07801
0.00000	-0.07995
0.00000	-0.07978
0.00000	-0.07125
0.00000	-0.08188
0.00000	-0.07785
0.00000	-0.07560
0.00000	-0.07705
0.00000	-0.07576
0.00000	-0.07978
0.00000	-0.08075
0.00000	-0.08011
0.00000	-0.07801
0.00000	-0.07640
0.00000	-0.07962
0.00000	-0.07463
0.00000	-0.07576
0.00000	-0.08156
0.00000	-0.07576
0.00000	-0.07995
0.00000	-0.07688
0.00000	-0.07898
0.00000	-0.08043
0.00000	-0.07850
0.00000	-0.07898
0.00000	-0.07898
0.00000	-0.07576
0.00000	-0.07785
0.00000	-0.07769
0.00000	-0.07398
0.00000	-0.07737
0.00000	-0.07962
0.00000	-0.07753
0.00000	-0.07543
0.00000	-0.07495
0.00000	-0.07398
0.00000	-0.07801
0.00000	-0.07962
0.00000	-0.07366
0.00000	-0.07785
0.00000	-0.08156
0.00000	-0.07737
0.00000	-0.07592
0.00000	-0.07769
0.00000	-0.07962
0.00000	-0.08011
0.00000	-0.07511
0.00000	-0.07866
0.00000	-0.07753
0.00000	-0.07511
0.00000	-0.07640
0.00000	-0.07576
0.00000	-0.08043
0.00000	-0.07592
0.00000	-0.07576
0.00000	-0.07672
0.00000	-0.07914
0.00000	-0.07688
0.00000	-0.07382
0.00000	-0.07882
0.00000	-0.07447
0.00000	-0.07382
0.00000	-0.07173
0.00000	-0.07833
0.00000	-0.07930
0.00000	-0.07898
0.00000	-0.07366
0.00000	-0.07254
0.00000	-0.07543
0.00000	-0.07527
0.00000	-0.07656
0.00000	-0.07543
0.00000	-0.07543
0.00000	-0.07527
0.00000	-0.07431
0.00000	-0.07640
0.00000	-0.07560
0.00000	-0.07576
0.00000	-0.07254
0.00000	-0.07431
0.00000	-0.07205
0.00000	-0.07850
0.00000	-0.07366
0.00000	-0.07431
0.00000	-0.07560
0.00000	-0.07366
0.00000	-0.07511
0.00000	-0.07044
0.00000	-0.07318
0.00000	-0.07415
0.00000	-0.07817
0.00000	-0.07930
0.00000	-0.07576
0.00000	-0.07543
0.00000	-0.07930
0.00000	-0.07221
0.00000	-0.07705
0.00000	-0.07576
0.00000	-0.07350
0.00000	-0.07479
0.00000	-0.07753
0.00000	-0.07447
0.00000	-0.07898
0.00000	-0.07447
0.00000	-0.07302
0.00000	-0.07753
0.00000	-0.07495
0.00000	-0.07576
0.00000	-0.07495
0.00000	-0.07656
0.00000	-0.07447
0.00000	-0.07882
0.00000	-0.07576
0.00000	-0.07511
0.00000	-0.07592
0.00000	-0.07592
0.00000	-0.07511
0.00000	-0.07431
0.00000	-0.07382
0.00000	-0.07221
0.00000	-0.07672
0.00000	-0.07350
0.00000	-0.07688
0.00000	-0.07511
0.00000	-0.07737
0.00000	-0.07882
0.00000	-0.07737
0.00000	-0.07672
0.00000	-0.07640
0.00000	-0.07479
0.00000	-0.07334
0.00000	-0.07479
0.00000	-0.07495
0.00000	-0.07560
0.00000	-0.07527
0.00000	-0.07527
0.00000	-0.07850
0.00000	-0.07785
0.00000	-0.07817
0.00000	-0.07640
0.00000	-0.08188
0.00000	-0.07576
0.00000	-0.07576
0.00000	-0.07882
0.00000	-0.07431
0.00000	-0.07366
0.00000	-0.07431
0.00000	-0.07431
0.00000	-0.07769
0.00000	-0.07527
0.00000	-0.07350
0.00000	-0.07479
0.00000	-0.07189
0.00000	-0.07801
0.00000	-0.07624
0.00000	-0.07640
0.00000	-0.07560
0.00000	-0.07254
0.00000	-0.07898
0.00000	-0.07221
0.00000	-0.07447
0.00000	-0.07785
0.00000	-0.07656
0.00000	-0.07382
0.00000	-0.07431
0.00000	-0.07576
0.00000	-0.07318
0.00000	-0.07962
0.00000	-0.07431
0.00000	-0.07479
0.00000	-0.07092
0.00000	-0.07318
0.00000	-0.07688
0.00000	-0.07318
0.00000	-0.07560
0.00000	-0.07495
0.00000	-0.07608
0.00000	-0.07688
0.00000	-0.07415
0.00000	-0.07286
0.00000	-0.07850
0.00000	-0.07447
0.00000	-0.07737
0.00000	-0.07560
0.00000	-0.07817
0.00000	-0.07495
0.00000	-0.07479
0.00000	-0.07479
0.00000	-0.07447
0.00000	-0.07479
0.00000	-0.07254
0.00000	-0.07624
0.01035	-0.07656
0.01035	-0.07479
0.02070	-0.07302
0.03104	-0.07511
0.03104	-0.07318
0.03104	-0.07850
0.03104	-0.07688
0.03104	-0.07785
0.03104	-0.07543
0.03104	-0.07495
0.03104	-0.07592
0.03104	-0.07624
0.03104	-0.07656
0.03104	-0.07592
0.03104	-0.07254
0.03104	-0.07431
0.03104	-0.07543
0.03104	-0.07366
0.03104	-0.07318
0.03104	-0.07576
0.03104	-0.07398
0.03104	-0.06996
0.03104	-0.07415
0.03104	-0.07576
0.03104	-0.07898
0.03104	-0.07254
0.03104	-0.07785
0.03104	-0.07753
0.03104	-0.07511
0.03104	-0.07608
0.03104	-0.07463
0.03104	-0.07785
0.03104	-0.07366
0.03104	-0.07366
0.02070	-0.07527
0.02070	-0.07382
0.02070	-0.07382
0.02070	-0.07624
0.02070	-0.07092
0.02070	-0.07656
0.02070	-0.07318
0.02070	-0.07543
0.02070	-0.07511
0.02070	-0.07447
0.02070	-0.07254
0.02070	-0.07672
0.02070	-0.07705
0.02070	-0.07527
0.02070	-0.07382
0.02070	-0.07624
0.03104	-0.07801
0.03104	-0.07463
0.03104	-0.07801
0.03104	-0.07608
0.03104	-0.07688
0.03104	-0.07398
0.03104	-0.07366
0.03104	-0.07205
0.03104	-0.07318
0.04139	-0.07237
0.06209	-0.07850
0.08279	-0.07640
0.11383	-0.07173
0.15522	-0.07946
0.21731	-0.07560
0.27940	-0.07463
0.34149	-0.07431
0.40358	-0.07479
0.48637	-0.07302
0.56915	-0.07447
0.66228	-0.07672
0.76577	-0.07109
0.86925	-0.07463
0.98308	-0.07511
1.09691	-0.07125
1.20039	-0.07350
1.31422	-0.07366
1.40735	-0.07479
1.50049	-0.07527
1.58327	-0.07511
1.65571	-0.07237
1.72815	-0.07479
1.81093	-0.07286
1.88337	-0.07592
1.95581	-0.07479
2.04894	-0.07479
2.13173	-0.07205
2.18347	-0.07415
2.25591	-0.07592
2.33869	-0.07463
2.42148	-0.07447
2.50426	-0.07543
2.57670	-0.07511
2.64914	-0.07125
2.74227	-0.07463
2.82506	-0.07270
2.91819	-0.07495
3.00098	-0.07431
3.07341	-0.07350
3.15620	-0.07173
3.22864	-0.07205
3.30107	-0.07479
3.37351	-0.07398
3.44595	-0.07624
3.53908	-0.07237
3.61152	-0.07366
3.68396	-0.07721
3.76674	-0.07141
3.83918	-0.07447
3.90127	-0.07672
3.98406	-0.07672
4.04614	-0.07463
4.09789	-0.07270
4.15997	-0.07688
4.23241	-0.07656
4.30485	-0.07608
4.37729	-0.07511
4.44972	-0.07527
4.51181	-0.07286
4.56355	-0.07705
4.61530	-0.07334
4.66704	-0.07366
4.72913	-0.07302
4.79121	-0.07705
4.84296	-0.07495
4.90504	-0.07398
4.96713	-0.07495
5.02922	-0.07688
5.10166	-0.07447
5.17410	-0.07286
5.24654	-0.07463
5.31897	-0.07511
5.37071	-0.07334
5.44315	-0.07640
5.49489	-0.07447
5.55698	-0.07511
5.62942	-0.07447
5.70186	-0.07753
5.77429	-0.07527
5.84673	-0.08043
5.91917	-0.07543
5.98126	-0.07463
6.03300	-0.07318
6.09509	-0.07705
6.14683	-0.07608
6.19857	-0.07495
6.26066	-0.07560
6.30205	-0.07479
6.35379	-0.07382
6.39519	-0.07463
6.44693	-0.07254
6.50902	-0.07447
6.56076	-0.07672
6.62285	-0.07527
6.68493	-0.07705
6.73668	-0.07479
6.79876	-0.07527
6.85051	-0.07463
6.90225	-0.07527
6.95399	-0.07543
7.00573	-0.07495
7.07817	-0.07511
7.15060	-0.07608
7.22304	-0.07254
7.28513	-0.07560
7.34722	-0.07705
7.40931	-0.07882
7.46105	-0.07705
7.53349	-0.08043
7.60592	-0.07737
7.66801	-0.07882
7.75080	-0.08091
7.81289	-0.08123
7.87498	-0.07495
7.93707	-0.07672
7.97846	-0.07366
8.04055	-0.07753
8.09229	-0.07495
8.15438	-0.07898
8.21647	-0.07382
8.28891	-0.07672
8.36134	-0.07286
8.43378	-0.07366
8.48552	-0.07560
8.55796	-0.07431
8.63040	-0.07495
8.70283	-0.08091
8.77527	-0.07318
8.84771	-0.07866
8.94084	-0.07543
9.02363	-0.07640
9.10641	-0.07479
9.17885	-0.07656
9.26164	-0.07237
9.35477	-0.07817
9.43755	-0.07914
9.53069	-0.07366
9.61347	-0.07592
9.67556	-0.07398
9.74800	-0.07688
9.84113	-0.07640
9.92392	-0.07882
9.99636	-0.07833
10.06879	-0.07543
10.15158	-0.07769
10.21367	-0.07398
10.27576	-0.07495
10.34820	-0.07302
10.41029	-0.07978
10.46203	-0.07737
10.52412	-0.07640
10.57586	-0.07914
10.64829	-0.07366
10.71038	-0.07608
10.76212	-0.07656
10.83456	-0.07672
10.89665	-0.07576
10.95874	-0.07640
11.03118	-0.07688
11.08292	-0.07769
11.13466	-0.08188
11.19675	-0.07769
11.24849	-0.07656
11.30023	-0.07785
11.35197	-0.07382
11.40371	-0.07560
11.47615	-0.07946
11.52789	-0.07850
11.58998	-0.07833
11.66242	-0.07898
11.71416	-0.07833
11.78660	-0.07688
11.86938	-0.07463
11.94182	-0.07656
12.01426	-0.07479
12.09704	-0.07640
12.19018	-0.07398
12.28331	-0.07688
12.36609	-0.07608
12.44888	-0.07286
12.53167	-0.07769
12.61445	-0.07479
12.69724	-0.07898
12.76967	-0.07286
12.83176	-0.07640
12.91455	-0.07254
12.98699	-0.07221
13.05942	-0.07076
13.12151	-0.06915
13.19395	-0.06835
13.28708	-0.07157
13.38022	-0.06738
13.44231	-0.06883
13.53544	-0.06529
13.58718	-0.06577
13.65962	-0.06271
13.72171	-0.05771
13.80449	-0.05852
13.89763	-0.05530
13.98041	-0.05675
14.07355	-0.04708
14.12529	-0.04563
14.18738	-0.04096
14.25981	-0.03999
14.32190	-0.03854
14.38399	-0.03194
14.42539	-0.03017
14.48747	-0.02501
14.52887	-0.02050
14.59096	-0.01535
14.66339	-0.01599
14.73583	-0.00713
14.78757	0.00044
14.86001	-0.00020
14.92210	0.00544
14.96349	0.01204
15.02558	0.01397
15.09802	0.01736
15.16011	0.01784
15.22220	0.02058
15.27394	0.02799
15.33603	0.03008
15.40846	0.02944
15.47055	0.03041
15.52229	0.03266
15.57404	0.03379
15.61543	0.03476
15.66717	0.03250
15.70856	0.03347
15.74995	0.03057
15.78100	0.03202
15.81204	0.02912
15.84309	0.03057
15.86378	0.02976
15.88448	0.02815
15.92587	0.02445
15.95692	0.02638
15.98796	0.02477
16.01901	0.02316
16.06040	0.02171
16.09144	0.01752
16.13284	0.01671
16.17423	0.02122
16.21562	0.01526
16.26736	0.01317
16.31911	0.01188
16.36050	0.00640
16.41224	0.00898
16.45363	0.00028
16.49502	-0.00004
16.54677	-0.00020
16.58816	-0.00826
16.62955	-0.00536
16.68129	-0.01454
16.72268	-0.01454
16.75373	-0.01180
16.78477	-0.01663
16.82617	-0.01889
16.86756	-0.02501
16.90895	-0.02872
16.95035	-0.02968
17.01243	-0.03001
17.07452	-0.03403
17.13661	-0.03323
17.19870	-0.03725
17.25044	-0.04241
17.30218	-0.04467
17.36427	-0.04853
17.41601	-0.04660
17.45741	-0.05095
17.50915	-0.05401
17.56089	-0.05240
17.61263	-0.05417
17.67472	-0.05675
17.73681	-0.05771
17.79890	-0.06303
17.87133	-0.06126
17.93342	-0.06319
17.98516	-0.06335
18.04725	-0.06400
18.11969	-0.06512
18.19213	-0.06577
18.25422	-0.06706
18.32666	-0.07366
18.38874	-0.07141
18.45083	-0.07366
18.50257	-0.07382
18.55432	-0.07398
18.60606	-0.07254
18.65780	-0.06996
18.69919	-0.07221
18.73023	-0.07447
18.76128	-0.07382
18.80267	-0.07318
18.84407	-0.07189
18.88546	-0.07205
18.92685	-0.07334
18.95790	-0.07656
18.98894	-0.07511
19.03033	-0.07302
19.08207	-0.07350
19.13381	-0.07817
19.17521	-0.07125
19.22695	-0.07447
19.27869	-0.07318
19.33043	-0.07672
19.38217	-0.07366
19.44426	-0.07189
19.49600	-0.06996
19.54774	-0.07398
19.59948	-0.07398
19.64088	-0.07092
19.68227	-0.07640
19.74436	-0.07753
19.80645	-0.07237
19.86854	-0.07221
19.94097	-0.07254
20.00306	-0.07801
20.06515	-0.07431
20.12724	-0.07221
20.18933	-0.07640
20.25142	-0.07109
20.31351	-0.07382
20.36525	-0.07221
20.42734	-0.07302
20.47908	-0.07044
20.53082	-0.07479
20.59291	-0.07254
20.63430	-0.07366
20.68604	-0.07447
20.72744	-0.07350
20.77918	-0.07318
20.83092	-0.07318
20.89301	-0.07270
20.94475	-0.07173
21.01719	-0.07286
21.07928	-0.06947
21.14136	-0.07447
21.20345	-0.07157
21.25519	-0.07608
21.30694	-0.07415
21.35868	-0.07431
21.40007	-0.07092
21.44146	-0.07398
21.48286	-0.07769
21.51390	-0.07366
21.55529	-0.07205
21.57599	-0.07028
21.60703	-0.07141
21.63808	-0.06561
21.66912	-0.06964
21.71052	-0.07382
21.74156	-0.07898
21.78295	-0.06931
21.82435	-0.07141
21.86574	-0.07205
21.91748	-0.07109
21.96922	-0.07076
22.02096	-0.07398
22.07270	-0.07044
22.12444	-0.07463
22.16584	-0.07221
22.22793	-0.07318
22.29001	-0.07511
22.34176	-0.07141
22.39350	-0.07125
22.44524	-0.06964
22.47628	-0.07286
22.51767	-0.07254
22.56942	-0.07076
22.63150	-0.07560
22.68325	-0.06964
22.74534	-0.07237
22.79708	-0.07237
22.84882	-0.07076
22.89021	-0.06947
22.94195	-0.07817
22.99369	-0.07366
23.04543	-0.07254
23.09717	-0.07382
23.14891	-0.07366
23.21100	-0.07092
23.26274	-0.07237
23.31449	-0.07125
23.35588	-0.06851
23.39727	-0.07092
23.44901	-0.07028
23.48006	-0.07060
23.52145	-0.07447
23.56284	-0.07286
23.60424	-0.07060
23.64563	-0.07286
23.68702	-0.06802
23.72841	-0.07125
23.76981	-0.07125
23.82155	-0.07382
23.85259	-0.07173
23.89398	-0.07254
23.93538	-0.07366
23.97677	-0.06899
24.01816	-0.07350
24.04921	-0.06561
24.08025	-0.06964
24.11130	-0.07286
24.14234	-0.07270
24.17339	-0.07189
24.20443	-0.06867
24.23548	-0.07060
24.27687	-0.07205
24.30791	-0.07076
24.34931	-0.06754
24.39070	-0.06738
24.43209	-0.07479
24.49418	-0.06883
24.53557	-0.07366
24.57697	-0.07012
24.61836	-0.07141
24.67010	-0.06964
24.72184	-0.06867
24.77358	-0.07237
24.82532	-0.07012
24.86672	-0.07028
24.90811	-0.07028
24.95985	-0.06964
24.99089	-0.06867
25.04263	-0.07028
25.08403	-0.07141
25.12542	-0.07189
25.16681	-0.06867
25.19786	-0.07286
25.23925	-0.07157
25.27029	-0.07221
25.31169	-0.07044
25.34273	-0.07334
25.37378	-0.06915
25.41517	-0.06674
25.46691	-0.07109
25.49796	-0.07431
25.54970	-0.06947
25.59109	-0.06851
25.62213	-0.07044
25.67387	-0.06851
25.72562	-0.06931
25.77736	-0.06915
25.83945	-0.07189
25.89119	-0.06883
25.95328	-0.06915
26.02571	-0.07157
26.08780	-0.07286
26.16024	-0.06851
26.22233	-0.07237
26.28442	-0.06964
26.35686	-0.07254
26.41894	-0.07125
26.47069	-0.06867
26.52243	-0.06851
26.57417	-0.07237
26.61556	-0.07125
26.65695	-0.06931
26.68800	-0.06931
26.73974	-0.07141
26.77078	-0.07221
26.83287	-0.07173
26.89496	-0.06947
26.96740	-0.06996
27.03984	-0.06915
27.11227	-0.07334
27.17436	-0.06867
27.22610	-0.07318
27.28819	-0.06947
27.35028	-0.07270
27.41237	-0.06980
27.47446	-0.06738
27.54690	-0.07157
27.59864	-0.07012
27.66073	-0.07028
27.71247	-0.06851
27.76421	-0.07092
27.81595	-0.07254
27.87804	-0.07141
27.91943	-0.06931
27.99187	-0.06577
28.04361	-0.07109
28.10570	-0.07092
28.16779	-0.07028
28.22988	-0.06931
28.29197	-0.07125
28.35406	-0.07431
28.41615	-0.07205
28.47824	-0.07109
28.52998	-0.07141
28.58172	-0.07092
28.64381	-0.07592
28.70590	-0.07318
28.77833	-0.07382
28.86112	-0.06996
28.94390	-0.07334
29.01634	-0.06690
29.09913	-0.06835
29.16122	-0.07076
29.22331	-0.07076
29.29574	-0.06819
29.35783	-0.06931
29.45097	-0.07012
29.53375	-0.07173
29.60619	-0.06786
29.68897	-0.07270
29.75106	-0.06416
29.82350	-0.06819
29.88559	-0.07173
29.95803	-0.06835
30.03047	-0.06899