Black Body Radiation Experiment Wed, Sep 23, 2020 1:09 PM
Sensor Position (Degrees)	Light Intensity (Volts)
0.00000	0.01881
0.00000	0.02445
0.00000	0.02203
0.00000	0.01865
0.00000	0.01848
0.00000	0.02445
0.00000	0.02477
0.00000	0.02251
0.00000	0.02235
0.00000	0.02396
0.00000	0.02364
0.00000	0.01736
0.00000	0.02364
0.00000	0.02348
0.01035	0.02364
0.01035	0.02106
0.02070	0.02155
0.02070	0.02058
0.03104	0.02461
0.03104	0.02380
0.03104	0.02493
0.03104	0.02203
0.03104	0.01897
0.04139	0.02155
0.06209	0.02332
0.08279	0.02541
0.10348	0.02187
0.13453	0.02606
0.16557	0.02138
0.20696	0.02300
0.22766	0.02219
0.25870	0.01993
0.27940	0.01993
0.31045	0.02074
0.33114	0.02702
0.36219	0.02090
0.40358	0.02235
0.43462	0.01848
0.46567	0.02090
0.50706	0.02477
0.54845	0.02364
0.58985	0.02412
0.63124	0.02541
0.67263	0.02606
0.71403	0.02590
0.74507	0.02300
0.77611	0.02187
0.80716	0.02074
0.83820	0.02477
0.86925	0.02283
0.91064	0.02010
0.95203	0.01961
0.98308	0.02573
1.02447	0.02412
1.05552	0.02509
1.08656	0.02396
1.10726	0.02332
1.11761	0.02461
1.13830	0.02493
1.15900	0.02412
1.19004	0.02912
1.23144	0.02316
1.29352	0.02348
1.32457	0.02138
1.35561	0.02702
1.38666	0.02171
1.41770	0.02477
1.44875	0.02428
1.47979	0.02686
1.50049	0.02364
1.53153	0.02235
1.55223	0.02590
1.58327	0.02316
1.61432	0.02251
1.63501	0.02541
1.66606	0.02428
1.68676	0.02187
1.71780	0.02042
1.74885	0.02203
1.77989	0.02300
1.80059	0.02283
1.82128	0.02348
1.85233	0.02477
1.88337	0.02364
1.91442	0.02187
1.95581	0.02412
1.98685	0.02348
2.01790	0.02557
2.04894	0.02042
2.06964	0.02251
2.09034	0.02590
2.14208	0.02477
2.17312	0.02412
2.21451	0.02396
2.24556	0.02380
2.27660	0.02155
2.29730	0.02541
2.32834	0.02525
2.35939	0.02670
2.38009	0.02396
2.41113	0.02348
2.45252	0.02493
2.49392	0.02735
2.54566	0.02074
2.60775	0.02283
2.68018	0.02831
2.74227	0.02412
2.78366	0.02138
2.83541	0.02622
2.87680	0.02847
2.93889	0.02751
2.99063	0.02606
3.03202	0.02622
3.06307	0.02686
3.09411	0.02138
3.12516	0.02493
3.15620	0.02332
3.18724	0.02654
3.20794	0.02138
3.22864	0.02541
3.24933	0.02493
3.28038	0.02735
3.32177	0.02654
3.36316	0.02332
3.39421	0.02783
3.42525	0.02380
3.46665	0.02606
3.49769	0.02380
3.52873	0.02493
3.57013	0.02477
3.60117	0.02541
3.63222	0.02493
3.65291	0.02461
3.68396	0.02654
3.71500	0.02461
3.76674	0.02557
3.79779	0.02718
3.83918	0.02702
3.87023	0.02590
3.89092	0.02364
3.91162	0.02670
3.93231	0.02332
3.95301	0.02122
3.98406	0.02461
4.00475	0.02155
4.02545	0.02751
4.04614	0.02912
4.06684	0.02590
4.08754	0.02493
4.12893	0.02702
4.17032	0.02461
4.21172	0.02541
4.25311	0.02606
4.29450	0.02912
4.34624	0.02364
4.38764	0.02573
4.42903	0.02735
4.47042	0.02525
4.51181	0.02267
4.56355	0.02718
4.61530	0.02847
4.65669	0.02654
4.70843	0.02380
4.77052	0.02606
4.82226	0.02702
4.87400	0.02493
4.91539	0.02622
4.97748	0.02896
5.02922	0.02847
5.08096	0.02702
5.13271	0.02928
5.18445	0.02896
5.22584	0.02686
5.28793	0.02493
5.33967	0.02815
5.39141	0.02718
5.45350	0.02670
5.50524	0.02896
5.54663	0.02493
5.59837	0.02348
5.63977	0.02718
5.69151	0.02831
5.74325	0.02735
5.79499	0.02622
5.83638	0.02751
5.88812	0.02445
5.92952	0.02235
5.98126	0.02735
6.03300	0.02783
6.07439	0.02654
6.12613	0.02445
6.16752	0.02670
6.20892	0.02815
6.23996	0.02606
6.28136	0.02622
6.32275	0.02815
6.36414	0.02863
6.39519	0.02718
6.44693	0.03266
6.48832	0.02799
6.54006	0.02815
6.57110	0.02541
6.60215	0.02267
6.63319	0.02718
6.66424	0.02847
6.69528	0.03057
6.72633	0.02702
6.75737	0.02751
6.78842	0.02380
6.82981	0.02622
6.87120	0.02541
6.90225	0.02799
6.93329	0.02686
6.97468	0.02477
7.00573	0.02686
7.04712	0.02557
7.08851	0.02509
7.14026	0.02590
7.19200	0.02880
7.24374	0.02896
7.28513	0.02316
7.31617	0.02863
7.35757	0.02654
7.38861	0.02912
7.43000	0.03073
7.49209	0.02525
7.55418	0.02477
7.60592	0.02992
7.64732	0.02461
7.68871	0.02912
7.74045	0.02316
7.78184	0.02445
7.83358	0.02944
7.88533	0.02348
7.92672	0.02718
7.97846	0.02799
8.04055	0.02831
8.10264	0.02670
8.15438	0.02751
8.20612	0.02461
8.25786	0.02686
8.31995	0.02718
8.39239	0.03041
8.45448	0.02831
8.51657	0.02267
8.56831	0.02670
8.63040	0.02638
8.68214	0.02735
8.74423	0.02831
8.79597	0.02412
8.84771	0.02525
8.88910	0.03153
8.93049	0.02622
8.96154	0.02702
9.00293	0.02686
9.04432	0.02702
9.07537	0.02654
9.11676	0.02944
9.15815	0.02799
9.22024	0.02847
9.27198	0.02960
9.32372	0.02396
9.37547	0.02767
9.40651	0.02428
9.44790	0.02493
9.49964	0.02477
9.54104	0.02944
9.59278	0.02654
9.65487	0.02896
9.70661	0.03024
9.74800	0.03024
9.79974	0.02300
9.83079	0.03218
9.87218	0.02912
9.91357	0.02799
9.95496	0.03041
9.98601	0.02992
10.01705	0.02880
10.04810	0.02670
10.07914	0.02735
10.11019	0.03057
10.14123	0.03105
10.16193	0.02702
10.19297	0.02960
10.21367	0.03089
10.23437	0.02783
10.25506	0.02670
10.27576	0.02783
10.28611	0.03395
10.30680	0.02735
10.32750	0.02863
10.34820	0.02509
10.37924	0.02831
10.39994	0.03089
10.43098	0.02493
10.46203	0.03089
10.50342	0.03234
10.54481	0.03089
10.57586	0.03234
10.61725	0.02992
10.65864	0.02702
10.70003	0.02896
10.74143	0.03008
10.79317	0.03073
10.84491	0.02799
10.88630	0.02912
10.93804	0.03008
10.97944	0.03202
11.02083	0.03492
11.05187	0.03685
11.11396	0.03089
11.17605	0.02702
11.22779	0.03089
11.28988	0.03024
11.32093	0.03443
11.36232	0.03234
11.40371	0.03379
11.43476	0.03476
11.46580	0.03041
11.50719	0.03137
11.54859	0.03411
11.60033	0.03250
11.64172	0.03508
11.68311	0.03186
11.72451	0.03524
11.76590	0.03427
11.79694	0.03379
11.83834	0.03669
11.86938	0.03492
11.91077	0.03588
11.95217	0.03669
11.98321	0.03927
12.02460	0.03363
12.06600	0.03604
12.10739	0.03862
12.13843	0.03911
12.17983	0.03814
12.21087	0.03943
12.24192	0.03862
12.28331	0.04442
12.32470	0.04362
12.36609	0.05006
12.38679	0.04845
12.42818	0.04732
12.45923	0.04861
12.49027	0.04700
12.51097	0.04458
12.54201	0.04619
12.56271	0.04394
12.58341	0.04732
12.60410	0.05006
12.63515	0.04958
12.66619	0.04748
12.68689	0.04990
12.71793	0.05328
12.74898	0.05006
12.78002	0.05699
12.81107	0.05473
12.83176	0.05844
12.84211	0.05828
12.87316	0.05924
12.90420	0.05538
12.93525	0.06069
12.96629	0.05860
13.00768	0.06150
13.03873	0.06681
13.05942	0.06649
13.10082	0.06601
13.12151	0.07261
13.14221	0.06633
13.16291	0.06826
13.18360	0.06569
13.20430	0.07310
13.22499	0.07439
13.25604	0.06923
13.30778	0.07261
13.34917	0.07938
13.38022	0.08131
13.43196	0.08002
13.48370	0.08615
13.51474	0.08598
13.55614	0.09082
13.58718	0.09484
13.61823	0.09629
13.63892	0.10145
13.65962	0.10290
13.69066	0.10741
13.70101	0.10532
13.72171	0.11144
13.74240	0.11305
13.76310	0.11385
13.78380	0.11853
13.80449	0.11917
13.84589	0.11885
13.86658	0.12207
13.89763	0.12706
13.92867	0.12304
13.97006	0.13141
13.99076	0.13592
14.03215	0.13963
14.07355	0.13995
14.10459	0.14559
14.13564	0.14801
14.16668	0.15526
14.18738	0.15703
14.21842	0.16089
14.23912	0.16492
14.28051	0.17233
14.29086	0.17362
14.32190	0.18152
14.34260	0.18039
14.36330	0.18297
14.38399	0.18699
14.40469	0.19166
14.41504	0.19118
14.43573	0.19569
14.45643	0.19408
14.46678	0.20133
14.47713	0.20487
14.48747	0.20632
14.50817	0.20649
14.52887	0.20906
14.55991	0.21148
14.58061	0.21696
14.61165	0.21808
14.62200	0.22501
14.64270	0.21986
14.66339	0.22727
14.68409	0.22904
14.69444	0.23146
14.71513	0.23146
14.73583	0.23758
14.74618	0.23838
14.75653	0.24015
14.77722	0.23967
14.79792	0.24354
14.81862	0.24612
14.83931	0.24531
14.86001	0.24821
14.87036	0.24789
14.89105	0.25304
14.91175	0.25336
14.93245	0.25562
14.94280	0.25530
14.95314	0.26206
14.96349	0.26013
14.97384	0.26029
14.98419	0.26013
14.99454	0.26947
15.00488	0.26674
15.01523	0.26303
15.02558	0.26303
15.03593	0.26851
15.04628	0.26980
15.05663	0.27173
15.06697	0.26657
15.09802	0.26722
15.10837	0.27092
15.13941	0.27189
15.16011	0.27125
15.17046	0.26996
15.19115	0.27576
15.21185	0.27012
15.24289	0.27608
15.26359	0.27415
15.28429	0.27254
15.30498	0.27028
15.33603	0.26996
15.35672	0.26931
15.37742	0.27576
15.40846	0.27092
15.43951	0.26996
15.46020	0.27189
15.49125	0.26416
15.51195	0.27028
15.53264	0.26416
15.55334	0.26142
15.58438	0.26464
15.60508	0.25723
15.62578	0.25852
15.64647	0.25514
15.65682	0.25481
15.68787	0.25530
15.71891	0.24869
15.74995	0.24708
15.77065	0.24676
15.79135	0.24096
15.81204	0.23951
15.83274	0.23436
15.86378	0.23419
15.87413	0.23564
15.90518	0.23017
15.92587	0.22872
15.94657	0.22517
15.96727	0.22131
15.98796	0.22211
15.99831	0.21970
16.00866	0.21615
16.02936	0.21518
16.03970	0.20858
16.06040	0.20987
16.08110	0.20713
16.10179	0.20455
16.12249	0.20101
16.14319	0.19763
16.16388	0.20036
16.17423	0.18860
16.18458	0.18973
16.20528	0.19118
16.21562	0.18409
16.22597	0.18522
16.23632	0.18135
16.24667	0.17765
16.24667	0.18264
16.24667	0.17829
16.24667	0.17813
16.24667	0.17572
16.24667	0.17717
16.24667	0.17330
16.24667	0.17523
16.25702	0.17024
16.25702	0.17443
16.25702	0.17443
16.25702	0.17265
16.25702	0.17330
16.25702	0.17314
16.25702	0.16943
16.25702	0.17410
16.26736	0.17249
16.26736	0.17378
16.26736	0.16814
16.26736	0.16814
16.26736	0.17523
16.26736	0.17137
16.27771	0.17088
16.27771	0.16798
16.27771	0.16637
16.27771	0.16927
16.27771	0.16976
16.28806	0.16444
16.28806	0.17088
16.28806	0.16992
16.28806	0.16895
16.29841	0.16976
16.29841	0.16798
16.30876	0.16927
16.30876	0.16621
16.31911	0.16766
16.32945	0.16363
16.35015	0.16331
16.38119	0.16428
16.40189	0.16041
16.42259	0.16122
16.44328	0.15526
16.46398	0.15558
16.47433	0.15123
16.49502	0.14946
16.50537	0.14978
16.52607	0.14897
16.54677	0.14559
16.55711	0.14398
16.57781	0.14301
16.60885	0.14108
16.62955	0.13673
16.65025	0.13625
16.67094	0.13061
16.69164	0.13206
16.72268	0.12884
16.76408	0.12271
16.79512	0.12384
16.83652	0.11853
16.86756	0.11563
16.89860	0.11450
16.94000	0.10805
16.97104	0.10838
17.01243	0.10789
17.04348	0.10177
17.07452	0.09678
17.11592	0.09307
17.14696	0.08872
17.18835	0.08582
17.21940	0.08357
17.25044	0.07938
17.28149	0.08196
17.31253	0.07825
17.34358	0.07294
17.37462	0.07181
17.40567	0.07068
17.44706	0.06698
17.48845	0.06182
17.52984	0.06150
17.55054	0.05892
17.58159	0.06118
17.61263	0.05828
17.64367	0.05908
17.66437	0.05135
17.68507	0.05280
17.70576	0.05199
17.73681	0.05006
17.75750	0.04555
17.78855	0.04990
17.81959	0.04700
17.85064	0.04523
17.88168	0.04603
17.91273	0.04168
17.94377	0.04168
17.96447	0.04249
17.98516	0.04233
17.99551	0.04039
18.01621	0.04539
18.03691	0.04072
18.05760	0.03943
18.08865	0.03943
18.09899	0.03540
18.11969	0.03604
18.14039	0.03556
18.16108	0.03621
18.18178	0.03524
18.19213	0.03621
18.21283	0.03637
18.22317	0.03733
18.23352	0.03862
18.24387	0.03427
18.25422	0.03298
18.27491	0.03250
18.28526	0.03073
18.30596	0.03604
18.31631	0.03427
18.32666	0.03459
18.33700	0.03621
18.34735	0.03379
18.34735	0.03363
18.35770	0.03604
18.35770	0.03427
18.36805	0.03137
18.37840	0.03331
18.39909	0.03363
18.40944	0.03540
18.43014	0.03105
18.45083	0.03202
18.47153	0.02799
18.48188	0.03234
18.50257	0.03363
18.51292	0.03347
18.53362	0.02928
18.54397	0.03250
18.56466	0.03347
18.58536	0.03363
18.60606	0.03572
18.62675	0.03234
18.64745	0.03427
18.66815	0.03073
18.69919	0.03411
18.71989	0.03250
18.75093	0.03186
18.77163	0.03363
18.80267	0.03395
18.82337	0.03347
18.85441	0.03314
18.88546	0.03250
18.90615	0.03105
18.92685	0.03508
18.94755	0.03298
18.96824	0.03218
18.98894	0.03508
19.00964	0.03604
19.03033	0.03492
19.06138	0.03234
19.09242	0.03153
19.12347	0.02880
19.14416	0.03202
19.17521	0.03459
19.19590	0.03363
19.22695	0.03121
19.25799	0.02960
19.28904	0.03395
19.30973	0.03234
19.34078	0.03105
19.36147	0.03395
19.38217	0.03266
19.41322	0.02976
19.44426	0.03604
19.46496	0.02944
19.49600	0.03169
19.52705	0.03379
19.55809	0.03331
19.57879	0.03169
19.60983	0.03363
19.63053	0.02992
19.65122	0.03314
19.67192	0.03443
19.70297	0.03331
19.74436	0.03476
19.76505	0.03363
19.79610	0.03814
19.82714	0.03153
19.84784	0.03218
19.87888	0.03234
19.88923	0.02863
19.89958	0.02880
19.92028	0.03604
19.94097	0.03234
19.97202	0.03250
19.99271	0.03331
20.01341	0.03395
20.03411	0.03331
20.05480	0.03621
20.07550	0.03314
20.09620	0.03556
20.10655	0.03331
20.11689	0.03476
20.13759	0.03669
20.14794	0.03186
20.15829	0.03218
20.16863	0.02944
20.18933	0.03282
20.21003	0.03202
20.23072	0.03476
20.25142	0.03121
20.28246	0.03363
20.30316	0.03186
20.32386	0.03540
20.35490	0.03443
20.37560	0.03476
20.40664	0.03782
20.42734	0.03363
20.44804	0.03476
20.46873	0.03476
20.48943	0.03041
20.51012	0.03169
20.54117	0.03637
20.57221	0.03621
20.60326	0.03331
20.64465	0.03588
20.67570	0.03556
20.70674	0.03604
20.72744	0.03298
20.76883	0.03540
20.79987	0.03669
20.83092	0.03508
20.86196	0.03572
20.88266	0.03572
20.91370	0.03379
20.94475	0.03073
20.96545	0.03234
20.99649	0.02992
21.01719	0.03218
21.04823	0.03347
21.06893	0.03202
21.09997	0.03282
21.12067	0.03089
21.15171	0.03266
21.17241	0.03137
21.20345	0.03395
21.22415	0.03250
21.25519	0.03347
21.28624	0.03250
21.31728	0.03637
21.33798	0.03363
21.37937	0.03395
21.40007	0.03266
21.42077	0.03073
21.44146	0.03314
21.46216	0.03492
21.48286	0.03202
21.51390	0.03363
21.54494	0.03250
21.57599	0.03347
21.60703	0.03395
21.61738	0.03798
21.63808	0.03524
21.65877	0.03218
21.67947	0.03604
21.70017	0.03733
21.71052	0.03331
21.73121	0.03669
21.75191	0.03282
21.77260	0.03427
21.79330	0.03427
21.81400	0.03363
21.84504	0.03733
21.87609	0.03621
21.90713	0.03669
21.92783	0.03588
21.95887	0.03621
21.97957	0.03492
22.01061	0.03604
22.04166	0.03298
22.07270	0.03121
22.10375	0.03782
22.13479	0.03637
22.16584	0.03282
22.18653	0.03395
22.20723	0.03798
22.22793	0.03524
22.24862	0.03492
22.26932	0.03363
22.29001	0.03089
22.32106	0.03411
22.34176	0.03121
22.37280	0.03411
22.39350	0.03492
22.42454	0.03701
22.44524	0.03411
22.46593	0.03621
22.49698	0.03540
22.52802	0.03540
22.54872	0.03459
22.56942	0.03266
22.59011	0.03250
22.62116	0.03282
22.64185	0.03476
22.66255	0.03524
22.68325	0.03298
22.71429	0.03749
22.73499	0.03492
22.75568	0.03749
22.78673	0.03556
22.80742	0.03685
22.83847	0.03476
22.85917	0.03331
22.87986	0.03169
22.90056	0.03637
22.92125	0.03363
22.94195	0.03749
22.97300	0.03830
23.00404	0.03604
23.03508	0.03476
23.06613	0.03588
23.08683	0.03814
23.11787	0.03556
23.13857	0.03637
23.14891	0.03524
23.17996	0.03476
23.21100	0.03476
23.24205	0.03347
23.26274	0.03556
23.29379	0.04184
23.32483	0.03556
23.35588	0.03878
23.38692	0.03476
23.41797	0.03572
23.43866	0.03331
23.45936	0.03331
23.48006	0.03556
23.50075	0.03669
23.52145	0.03733
23.54215	0.03701
23.56284	0.03024
23.59389	0.03363
23.62493	0.03749
23.64563	0.03250
23.67667	0.03766
23.69737	0.03653
23.71807	0.03347
23.72841	0.03637
23.74911	0.03653
23.76981	0.03782
23.79050	0.03782
23.81120	0.03991
23.83190	0.03701
23.86294	0.03266
23.88364	0.03637
23.90433	0.03234
23.92503	0.03717
23.94573	0.03894
23.96642	0.03766
23.98712	0.03476
24.00781	0.03927
24.02851	0.03540
24.04921	0.03637
24.06990	0.03782
24.09060	0.03717
24.11130	0.03540
24.13199	0.03653
24.16304	0.03653
24.18373	0.03588
24.20443	0.03492
24.23548	0.03685
24.26652	0.03331
24.29756	0.03298
24.32861	0.03814
24.34931	0.03588
24.38035	0.03701
24.40105	0.03556
24.43209	0.03588
24.46314	0.03395
24.48383	0.03508
24.51488	0.03766
24.53557	0.03717
24.56662	0.03669
24.59766	0.03540
24.63905	0.03508
24.67010	0.03540
24.71149	0.03637
24.73219	0.03588
24.76323	0.03878
24.78393	0.03798
24.81497	0.03250
24.83567	0.03604
24.85637	0.03637
24.88741	0.03701
24.90811	0.03637
24.93915	0.03830
24.94950	0.03701
24.97020	0.04007
24.98055	0.03830
25.00124	0.03621
25.02194	0.03459
25.04263	0.03266
25.06333	0.03927
25.07368	0.03459
25.09438	0.04039
25.11507	0.03685
25.13577	0.03604
25.16681	0.04217
25.18751	0.03347
25.20821	0.03782
25.22890	0.03363
25.25995	0.03653
25.28064	0.03911
25.30134	0.03685
25.32204	0.03701
25.34273	0.03733
25.37378	0.03637
25.39447	0.03943
25.41517	0.03733
25.43587	0.04023
25.45656	0.03991
25.47726	0.03492
25.49796	0.03685
25.51865	0.03911
25.53935	0.03701
25.54970	0.04007
25.57039	0.03572
25.59109	0.03733
25.61179	0.03556
25.64283	0.03830
25.66353	0.03927
25.69457	0.03814
25.71527	0.03556
25.74631	0.03830
25.77736	0.03894
25.80840	0.03669
25.83945	0.03862
25.87049	0.03572
25.89119	0.03669
25.92223	0.03363
25.94293	0.03814
25.97397	0.03572
26.00502	0.03733
26.02571	0.03911
26.04641	0.03669
26.07745	0.03927
26.11885	0.03749
26.14989	0.03669
26.18094	0.03798
26.21198	0.03991
26.24303	0.03830
26.28442	0.03621
26.31546	0.03604
26.35686	0.03782
26.39825	0.03798
26.42929	0.03540
26.46034	0.03733
26.48103	0.03331
26.51208	0.03749
26.54312	0.03588
26.56382	0.03637
26.58452	0.04056
26.61556	0.03846
26.63626	0.03798
26.66730	0.03572
26.67765	0.04039
26.69835	0.04265
26.72939	0.03733
26.77078	0.04184
26.81218	0.03798
26.85357	0.03830
26.90531	0.03862
26.93635	0.03395
26.96740	0.03621
26.99844	0.03830
27.03984	0.03492
27.07088	0.03814
27.10193	0.04313
27.14332	0.04088
27.16401	0.03701
27.20541	0.03911
27.24680	0.03669
27.28819	0.03927
27.32959	0.04104
27.38133	0.03717
27.41237	0.03701
27.45376	0.03733
27.48481	0.03943
27.52620	0.03975
27.55725	0.03991
27.59864	0.03685
27.64003	0.03814
27.68142	0.03669
27.71247	0.03459
27.74351	0.03846
27.78491	0.03733
27.81595	0.03991
27.84700	0.04007
27.87804	0.03733
27.90908	0.04088
27.95048	0.04007
27.98152	0.03878
28.01257	0.03975
28.04361	0.03862
28.07466	0.03814
28.09535	0.03846
28.12640	0.03878
28.14709	0.03604
28.16779	0.03975
28.19883	0.03766
28.22988	0.03830
28.25058	0.03943
28.28162	0.03814
28.32301	0.04152
28.35406	0.03572
28.39545	0.03733
28.43684	0.03862
28.46789	0.03347
28.49893	0.03572
28.54032	0.03540
28.57137	0.03733
28.60241	0.03717
28.64381	0.03443
28.69555	0.04023
28.72659	0.03991
28.76799	0.03540
28.80938	0.03814
28.84042	0.03862
28.87147	0.03991
28.89216	0.04120
28.93356	0.03782
28.96460	0.04088
28.99565	0.03637
29.02669	0.03911
29.05773	0.03894
29.08878	0.04168
29.14052	0.03621
29.19226	0.03766
29.23365	0.03975
29.28539	0.03588
29.32679	0.04039
29.35783	0.03814
29.39923	0.03621
29.43027	0.04023
29.46131	0.04056
29.49236	0.03669
29.52340	0.03991
29.54410	0.04023
29.56480	0.03911
29.58549	0.03927
29.60619	0.03701
29.61654	0.03556
29.63723	0.03782
29.63723	0.03540
29.64758	0.04136
29.64758	0.03830
29.65793	0.03717
29.66828	0.04426
29.68897	0.03894
29.72002	0.04104
29.75106	0.03476
29.78211	0.03830
29.80280	0.03459
29.82350	0.03911
29.84420	0.03621
29.85455	0.04039
29.87524	0.03959
29.89594	0.03766
29.90629	0.03685
29.92698	0.03604
29.94768	0.03894
29.96838	0.03959
29.98907	0.03894
30.00977	0.03894