Black Body Radiation Experiment Wed, Sep 23, 2020 11:30 AM
Sensor Position (Degrees)	Light Intensity (Volts)
0.00000	-0.03919
0.00000	-0.04177
0.00000	-0.04144
0.00000	-0.03709
0.00000	-0.04064
0.00000	-0.04225
0.00000	-0.03999
0.00000	-0.03887
0.00000	-0.04193
0.00000	-0.04048
0.00000	-0.04096
0.00000	-0.04547
0.00000	-0.04450
0.00000	-0.04209
0.00000	-0.03870
0.00000	-0.03951
0.00000	-0.03919
0.00000	-0.04128
0.00000	-0.04515
0.00000	-0.03951
0.00000	-0.04241
0.00000	-0.04160
0.00000	-0.03983
0.00000	-0.04515
0.00000	-0.04467
0.00000	-0.04144
0.00000	-0.03951
0.00000	-0.03887
0.00000	-0.03774
0.00000	-0.04112
0.00000	-0.04032
0.00000	-0.04209
0.00000	-0.04209
0.00000	-0.04064
0.00000	-0.04225
0.00000	-0.04225
0.00000	-0.04048
0.00000	-0.03919
0.00000	-0.03564
0.00000	-0.03903
0.00000	-0.03951
0.00000	-0.03887
0.00000	-0.04160
0.00000	-0.03725
0.00000	-0.04434
0.00000	-0.04048
0.00000	-0.04048
0.00000	-0.03854
0.00000	-0.04338
0.00000	-0.04160
0.00000	-0.04048
0.00000	-0.04144
0.00000	-0.04450
0.00000	-0.04112
0.00000	-0.03870
0.00000	-0.04193
0.00000	-0.04048
0.00000	-0.03999
0.00000	-0.03919
0.00000	-0.04338
0.00000	-0.04128
0.00000	-0.03677
0.00000	-0.04032
0.00000	-0.03983
0.00000	-0.04273
0.00000	-0.03983
0.00000	-0.04257
0.00000	-0.03903
0.00000	-0.03661
0.00000	-0.04032
0.00000	-0.03725
0.00000	-0.03903
0.00000	-0.03725
0.00000	-0.04257
0.00000	-0.03967
0.00000	-0.03709
0.00000	-0.04209
0.00000	-0.04096
0.00000	-0.04257
0.00000	-0.03870
0.00000	-0.04015
0.00000	-0.03790
0.00000	-0.04048
0.00000	-0.03951
0.00000	-0.04128
0.00000	-0.03935
0.00000	-0.03919
0.00000	-0.04096
0.00000	-0.04434
0.00000	-0.04048
0.00000	-0.03645
0.00000	-0.04370
0.00000	-0.04225
0.00000	-0.04015
0.00000	-0.03903
0.00000	-0.03693
0.00000	-0.04144
0.00000	-0.03919
0.00000	-0.03983
0.00000	-0.03919
0.00000	-0.04305
0.00000	-0.04112
0.00000	-0.04322
0.00000	-0.04048
0.00000	-0.03999
0.00000	-0.03935
0.00000	-0.04112
0.00000	-0.03870
0.00000	-0.04177
0.00000	-0.04193
0.00000	-0.04193
0.00000	-0.03822
0.00000	-0.04064
0.00000	-0.03725
0.00000	-0.03967
0.00000	-0.03774
0.00000	-0.03758
0.00000	-0.03903
0.00000	-0.04467
0.00000	-0.03854
0.00000	-0.03903
0.00000	-0.03693
0.00000	-0.04193
0.00000	-0.04209
0.00000	-0.03774
0.00000	-0.03999
0.00000	-0.04128
0.00000	-0.04064
0.00000	-0.04241
0.00000	-0.04354
0.00000	-0.04048
0.00000	-0.04015
0.00000	-0.04015
0.00000	-0.03983
0.00000	-0.04064
0.00000	-0.04064
0.00000	-0.04338
0.00000	-0.03903
0.00000	-0.04305
0.00000	-0.04080
0.00000	-0.03919
0.00000	-0.03919
0.00000	-0.04209
0.00000	-0.04225
0.00000	-0.04015
0.00000	-0.03870
0.00000	-0.03597
0.00000	-0.04483
0.00000	-0.04112
0.00000	-0.03758
0.00000	-0.03870
0.00000	-0.04144
0.00000	-0.04370
0.00000	-0.04338
0.00000	-0.03822
0.00000	-0.03629
0.00000	-0.03887
0.00000	-0.03677
0.00000	-0.03870
0.00000	-0.04483
0.00000	-0.04241
0.00000	-0.03339
0.00000	-0.03887
0.00000	-0.04160
0.00000	-0.04080
0.00000	-0.04080
0.00000	-0.03645
0.00000	-0.03709
0.00000	-0.04225
0.00000	-0.03887
0.00000	-0.04257
0.00000	-0.04241
0.00000	-0.03742
0.00000	-0.03870
0.00000	-0.04160
0.00000	-0.04015
0.00000	-0.03758
0.00000	-0.04193
0.00000	-0.04096
0.00000	-0.04048
0.00000	-0.03903
0.00000	-0.04080
0.00000	-0.04225
0.00000	-0.03742
0.00000	-0.04257
0.00000	-0.03951
0.00000	-0.03725
0.00000	-0.04080
0.00000	-0.03838
0.00000	-0.04048
0.00000	-0.04080
0.00000	-0.03919
0.00000	-0.03758
0.00000	-0.04080
0.00000	-0.03999
0.00000	-0.04048
0.00000	-0.03967
0.00000	-0.04193
0.00000	-0.03629
0.00000	-0.04015
0.00000	-0.04064
0.00000	-0.04032
0.00000	-0.04305
0.00000	-0.04225
0.00000	-0.04225
0.00000	-0.04160
0.00000	-0.03758
0.00000	-0.04160
0.00000	-0.04048
0.00000	-0.03903
0.00000	-0.04032
0.00000	-0.03919
0.00000	-0.04128
0.00000	-0.03919
0.00000	-0.04032
0.00000	-0.04032
0.00000	-0.03919
0.00000	-0.03870
0.00000	-0.03935
0.00000	-0.03935
0.00000	-0.03967
0.01035	-0.03999
0.02070	-0.04418
0.03104	-0.04193
0.05174	-0.03935
0.07244	-0.03870
0.09313	-0.03709
0.11383	-0.04048
0.12418	-0.04048
0.14487	-0.03838
0.15522	-0.04547
0.16557	-0.04418
0.17592	-0.04386
0.18627	-0.04015
0.20696	-0.04177
0.21731	-0.04128
0.22766	-0.04225
0.22766	-0.04080
0.23801	-0.03951
0.23801	-0.04289
0.23801	-0.03806
0.24836	-0.03790
0.24836	-0.03790
0.24836	-0.03887
0.24836	-0.03677
0.24836	-0.04450
0.24836	-0.04032
0.24836	-0.04193
0.25870	-0.04128
0.25870	-0.04193
0.25870	-0.04032
0.25870	-0.03967
0.25870	-0.03999
0.25870	-0.04193
0.25870	-0.04144
0.25870	-0.04080
0.25870	-0.04096
0.25870	-0.04015
0.25870	-0.04096
0.25870	-0.03870
0.25870	-0.04096
0.25870	-0.03822
0.25870	-0.03693
0.25870	-0.03661
0.25870	-0.03822
0.25870	-0.03887
0.25870	-0.03887
0.25870	-0.03790
0.25870	-0.03822
0.26905	-0.03838
0.26905	-0.03999
0.28975	-0.04048
0.30010	-0.04209
0.31045	-0.04450
0.32079	-0.03838
0.32079	-0.04064
0.33114	-0.04048
0.33114	-0.03951
0.34149	-0.03999
0.34149	-0.03999
0.35184	-0.03870
0.35184	-0.04289
0.36219	-0.04450
0.36219	-0.04015
0.36219	-0.04080
0.36219	-0.04112
0.37254	-0.04064
0.37254	-0.03403
0.37254	-0.03935
0.41393	-0.03903
0.42428	-0.03935
0.46567	-0.04386
0.47602	-0.03597
0.48637	-0.04144
0.51741	-0.03758
0.54845	-0.03548
0.58985	-0.04305
0.64159	-0.04015
0.67263	-0.03371
0.72437	-0.03919
0.76577	-0.04209
0.81751	-0.04112
0.85890	-0.03967
0.88994	-0.03774
0.93134	-0.04144
0.96238	-0.04032
0.99343	-0.04305
1.04517	-0.04096
1.09691	-0.03838
1.13830	-0.04370
1.19004	-0.03693
1.24178	-0.03951
1.28318	-0.04112
1.32457	-0.04160
1.36596	-0.03645
1.39701	-0.03903
1.42805	-0.03709
1.46944	-0.03887
1.50049	-0.03758
1.55223	-0.04080
1.59362	-0.03742
1.63501	-0.03887
1.67641	-0.03887
1.72815	-0.03951
1.76954	-0.04064
1.83163	-0.03919
1.88337	-0.04273
1.94546	-0.03983
1.99720	-0.03693
2.05929	-0.03919
2.12138	-0.04080
2.17312	-0.03822
2.23521	-0.03822
2.29730	-0.03887
2.32834	-0.03597
2.38009	-0.04128
2.40078	-0.04128
2.44217	-0.03854
2.46287	-0.04273
2.50426	-0.03629
2.54566	-0.03516
2.58705	-0.03967
2.62844	-0.03758
2.66983	-0.04547
2.72158	-0.04160
2.77332	-0.04128
2.81471	-0.03935
2.87680	-0.04064
2.93889	-0.03951
2.98028	-0.03661
3.04237	-0.04144
3.09411	-0.04032
3.15620	-0.04048
3.21829	-0.04273
3.28038	-0.04177
3.33212	-0.04032
3.38386	-0.04128
3.43560	-0.03935
3.48734	-0.04193
3.52873	-0.04225
3.57013	-0.04434
3.62187	-0.04386
3.66326	-0.04064
3.70465	-0.03983
3.74605	-0.03935
3.79779	-0.04096
3.82883	-0.04160
3.87023	-0.04241
3.91162	-0.04064
3.95301	-0.04096
3.99440	-0.04386
4.03580	-0.04660
4.08754	-0.04370
4.14963	-0.04096
4.21172	-0.04096
4.26346	-0.04354
4.30485	-0.03983
4.35659	-0.03903
4.40833	-0.04193
4.46007	-0.03967
4.51181	-0.04112
4.57390	-0.03790
4.63599	-0.04241
4.67738	-0.04112
4.72913	-0.04128
4.78087	-0.03854
4.83261	-0.03564
4.88435	-0.04015
4.91539	-0.04289
4.94644	-0.04160
4.97748	-0.03887
5.01888	-0.04402
5.07062	-0.03983
5.11201	-0.04128
5.16375	-0.04225
5.19479	-0.04160
5.24654	-0.04080
5.29828	-0.04144
5.35002	-0.04096
5.42245	-0.04338
5.49489	-0.04096
5.56733	-0.04160
5.66046	-0.03999
5.73290	-0.04160
5.81569	-0.04112
5.88812	-0.03822
5.96056	-0.03999
6.01230	-0.04273
6.07439	-0.04370
6.11578	-0.04177
6.15718	-0.04112
6.19857	-0.03935
6.23996	-0.04193
6.27101	-0.04160
6.31240	-0.04015
6.34344	-0.03742
6.36414	-0.04160
6.37449	-0.03951
6.38484	-0.04144
6.38484	-0.04032
6.39519	-0.04402
6.40553	-0.04338
6.42623	-0.04354
6.44693	-0.04064
6.46762	-0.03790
6.50902	-0.03661
6.54006	-0.04032
6.57110	-0.04112
6.60215	-0.04515
6.63319	-0.04467
6.67459	-0.04096
6.69528	-0.04595
6.73668	-0.04209
6.76772	-0.04128
6.80911	-0.04225
6.85051	-0.04289
6.90225	-0.04354
6.96434	-0.03967
7.03677	-0.04225
7.10921	-0.04322
7.16095	-0.03822
7.21269	-0.04370
7.25409	-0.04144
7.30583	-0.03967
7.36792	-0.04289
7.44035	-0.04515
7.51279	-0.03790
7.57488	-0.04402
7.64732	-0.04483
7.73010	-0.04080
7.82324	-0.04273
7.93707	-0.04628
8.08194	-0.04370
8.21647	-0.04354
8.35099	-0.04112
8.44413	-0.04096
8.55796	-0.04032
8.64074	-0.04322
8.70283	-0.03935
8.77527	-0.04080
8.84771	-0.04273
8.92015	-0.04241
9.00293	-0.04370
9.07537	-0.04160
9.14781	-0.04144
9.20989	-0.04338
9.24094	-0.04354
9.27198	-0.04144
9.29268	-0.04064
9.31338	-0.04128
9.33407	-0.04112
9.36512	-0.04096
9.40651	-0.04579
9.46860	-0.04499
9.53069	-0.04499
9.59278	-0.04128
9.65487	-0.04096
9.72730	-0.04305
9.82044	-0.04547
9.93427	-0.03919
10.04810	-0.04128
10.17228	-0.04128
10.27576	-0.04128
10.35854	-0.03790
10.43098	-0.04209
10.51377	-0.03693
10.59655	-0.04257
10.67934	-0.04128
10.75178	-0.04048
10.83456	-0.03887
10.89665	-0.03983
10.95874	-0.03935
11.01048	-0.04160
11.05187	-0.03742
11.09327	-0.03500
11.13466	-0.03500
11.15536	-0.03484
11.17605	-0.03645
11.20710	-0.03580
11.24849	-0.03983
11.30023	-0.03081
11.38302	-0.03468
11.51754	-0.03468
11.61068	-0.03468
11.69346	-0.02743
11.77625	-0.02968
11.93147	-0.02566
12.03495	-0.02549
12.17983	-0.02598
12.27296	-0.02324
12.35575	-0.01953
12.45923	-0.01808
12.57306	-0.01309
12.66619	-0.00181
12.73863	0.00189
12.81107	0.00995
12.88350	0.01301
12.95594	0.01961
13.03873	0.02896
13.11116	0.02944
13.18360	0.04007
13.23534	0.04748
13.27674	0.05119
13.32848	0.05522
13.39057	0.05940
13.47335	0.06601
13.52509	0.07181
13.59753	0.07890
13.66997	0.07986
13.74240	0.08985
13.78380	0.09629
13.84589	0.09919
13.91832	0.10209
13.97006	0.10403
14.04250	0.10387
14.09424	0.10886
14.15633	0.10983
14.24947	0.10580
14.32190	0.10548
14.39434	0.10580
14.46678	0.10451
14.53922	0.10226
14.61165	0.09984
14.67374	0.09372
14.73583	0.09146
14.81862	0.08776
14.89105	0.08598
14.96349	0.08196
15.03593	0.07310
15.11871	0.07149
15.20150	0.06488
15.27394	0.06085
15.35672	0.05441
15.42916	0.04732
15.53264	0.03975
15.62578	0.03298
15.72926	0.02638
15.82239	0.02316
15.91553	0.01591
16.00866	0.00592
16.10179	0.00318
16.19493	-0.00342
16.29841	-0.00729
16.38119	-0.01293
16.46398	-0.01454
16.53642	-0.02082
16.59851	-0.02404
16.67094	-0.02147
16.74338	-0.02823
16.80547	-0.02662
16.86756	-0.02920
16.92965	-0.03178
16.99174	-0.02968
17.04348	-0.03419
17.10557	-0.03693
17.17801	-0.03371
17.25044	-0.03629
17.32288	-0.03725
17.39532	-0.03790
17.46776	-0.03210
17.52984	-0.03822
17.59193	-0.03661
17.66437	-0.03774
17.73681	-0.03661
17.80925	-0.03951
17.88168	-0.03419
17.95412	-0.03580
18.01621	-0.03903
18.07830	-0.03725
18.15074	-0.04015
18.21283	-0.03725
18.27491	-0.04128
18.32666	-0.03822
18.38874	-0.03709
18.46118	-0.04015
18.52327	-0.03564
18.59571	-0.03758
18.66815	-0.03516
18.74058	-0.03790
18.80267	-0.03613
18.87511	-0.03967
18.94755	-0.03903
19.01998	-0.03999
19.09242	-0.03693
19.16486	-0.03725
19.24764	-0.03870
19.33043	-0.03919
19.41322	-0.04048
19.49600	-0.03790
19.56844	-0.03403
19.65122	-0.03532
19.73401	-0.04096
19.80645	-0.03758
19.88923	-0.03854
19.96167	-0.03887
20.03411	-0.03887
20.10655	-0.03387
20.15829	-0.03725
20.22038	-0.03613
20.29281	-0.03500
20.34455	-0.03516
20.41699	-0.03226
20.47908	-0.03903
20.55152	-0.03436
20.61361	-0.03597
20.67570	-0.03693
20.72744	-0.03903
20.78953	-0.04160
20.85162	-0.03725
20.91370	-0.03500
20.97579	-0.03548
21.04823	-0.03725
21.11032	-0.03645
21.19311	-0.03419
21.25519	-0.03452
21.32763	-0.03693
21.38972	-0.03822
21.46216	-0.03500
21.52425	-0.03709
21.60703	-0.03597
21.66912	-0.03580
21.74156	-0.03403
21.80365	-0.03725
21.87609	-0.03371
21.94852	-0.03597
22.02096	-0.03468
22.08305	-0.03613
22.16584	-0.03500
22.23827	-0.03403
22.31071	-0.03339
22.37280	-0.03403
22.44524	-0.03742
22.50733	-0.03532
22.57976	-0.03258
22.64185	-0.03403
22.70394	-0.03580
22.77638	-0.03677
22.83847	-0.03564
22.91091	-0.03419
22.97300	-0.03790
23.04543	-0.03452
23.09717	-0.03516
23.15926	-0.03436
23.23170	-0.03258
23.29379	-0.03677
23.36623	-0.03870
23.44901	-0.03323
23.51110	-0.03387
23.59389	-0.03500
23.65598	-0.03983
23.73876	-0.03226
23.81120	-0.03323
23.89398	-0.03597
23.97677	-0.03436
24.04921	-0.03484
24.11130	-0.03387
24.18373	-0.03162
24.25617	-0.03291
24.31826	-0.03677
24.37000	-0.03017
24.44244	-0.03484
24.51488	-0.03226
24.56662	-0.03419
24.63905	-0.03113
24.70114	-0.03468
24.76323	-0.03790
24.83567	-0.03258
24.88741	-0.03291
24.94950	-0.03742
25.00124	-0.03548
25.06333	-0.03339
25.11507	-0.03113
25.17716	-0.03484
25.23925	-0.03355
25.30134	-0.03580
25.36343	-0.03548
25.42552	-0.03500
25.48761	-0.03597
25.54970	-0.03484
25.61179	-0.03307
25.67387	-0.03419
25.72562	-0.02872
25.77736	-0.03516
25.82910	-0.03468
25.87049	-0.03049
25.91188	-0.03323
25.96362	-0.03178
26.00502	-0.03436
26.05676	-0.03210
26.10850	-0.03146
26.16024	-0.03194
26.21198	-0.03081
26.25337	-0.03307
26.30511	-0.03371
26.35686	-0.03210
26.40860	-0.03419
26.47069	-0.03806
26.53277	-0.03452
26.58452	-0.03065
26.63626	-0.03758
26.68800	-0.03371
26.73974	-0.03307
26.79148	-0.03178
26.85357	-0.03323
26.90531	-0.03146
26.95705	-0.03258
26.99844	-0.03291
27.03984	-0.03049
27.09158	-0.03339
27.13297	-0.03339
27.17436	-0.03371
27.20541	-0.03081
27.24680	-0.03178
27.28819	-0.03146
27.32959	-0.03274
27.37098	-0.03146
27.42272	-0.03597
27.47446	-0.03210
27.53655	-0.02807
27.58829	-0.03274
27.62968	-0.03291
27.67108	-0.02952
27.72282	-0.03210
27.75386	-0.03307
27.80560	-0.03162
27.84700	-0.03226
27.90908	-0.03725
27.96083	-0.03371
28.02292	-0.03049
28.07466	-0.03210
28.13675	-0.03081
28.18849	-0.03146
28.25058	-0.03129
28.31266	-0.03436
28.38510	-0.03210
28.44719	-0.03210
28.50928	-0.02936
28.55067	-0.03323
28.61276	-0.03307
28.66450	-0.03033
28.73694	-0.03452
28.79903	-0.03645
28.86112	-0.03258
28.92321	-0.03436
28.99565	-0.03355
29.04739	-0.03097
29.09913	-0.03387
29.16122	-0.03194
29.21296	-0.03113
29.27505	-0.03774
29.33714	-0.03274
29.39923	-0.03339
29.45097	-0.03081
29.50271	-0.02968
29.56480	-0.03146
29.61654	-0.03178
29.65793	-0.03033
29.72002	-0.03049
29.76141	-0.03258
29.82350	-0.03049
29.87524	-0.03001
29.93733	-0.03097
29.98907	-0.02791
30.04081	-0.03274
30.09255	-0.03468
30.13395	-0.03097
30.18569	-0.03564
30.22708	-0.03291
30.26847	-0.03597
30.32021	-0.03548
30.36161	-0.03613
30.41335	-0.03516
30.45474	-0.03065
30.50648	-0.03210
30.54787	-0.03065
30.58927	-0.03226
30.63066	-0.03162
30.67205	-0.03387
30.71345	-0.03452
30.75484	-0.03742
30.80658	-0.03500
30.84797	-0.03307
30.88937	-0.03774
30.93076	-0.03162
30.98250	-0.03339
31.02389	-0.03371
31.07563	-0.02952
31.12737	-0.03355
31.16877	-0.03274
31.22051	-0.03274
31.27225	-0.03129
31.32399	-0.02920
31.37573	-0.03065
31.43782	-0.03580
31.48956	-0.03307
31.54130	-0.03226
31.59304	-0.03081
31.64478	-0.03387
31.69652	-0.03355
31.74827	-0.03323
31.81035	-0.03693
31.86210	-0.03484
31.92418	-0.03226
31.97593	-0.03436
32.01732	-0.03403
32.06906	-0.03645
32.11045	-0.03129
32.16219	-0.02984
32.21393	-0.03081
32.26568	-0.03242
32.31742	-0.03291
32.36916	-0.03113
32.43125	-0.03226
32.49334	-0.02904
32.56577	-0.03210
32.62786	-0.03178
32.68995	-0.03274
32.75204	-0.03178
32.81413	-0.03146
32.86587	-0.03323
32.91761	-0.03129
32.96935	-0.03307
33.03144	-0.03307
33.08318	-0.03065
33.12458	-0.03001
33.17632	-0.03403
33.22806	-0.03194
33.29015	-0.03178
33.34189	-0.03097
33.39363	-0.03162
33.45572	-0.03033
33.50746	-0.03693
33.55920	-0.03129
33.62129	-0.03291
33.67303	-0.03178
33.73512	-0.02984
33.78686	-0.03017
33.84895	-0.03113
33.91104	-0.03387
33.97313	-0.03081
34.03522	-0.03532
34.09731	-0.03387
34.15940	-0.03500
34.21114	-0.02952
34.26288	-0.03065
34.32497	-0.03129
34.37671	-0.03436
34.42845	-0.03178
34.48019	-0.03387
34.53193	-0.03210
34.58367	-0.03113
34.63541	-0.03790
34.68715	-0.03548
34.73889	-0.03242
34.79064	-0.03162
34.84238	-0.03210
34.89412	-0.03129
34.94586	-0.03307
34.99760	-0.03001
35.04934	-0.03580
35.10108	-0.03081
35.15282	-0.03291
35.20456	-0.03580
35.25630	-0.02888
35.30805	-0.03291
35.34944	-0.03210
35.40118	-0.03258
35.44257	-0.03178
35.48396	-0.03162
35.52536	-0.03355
35.56675	-0.03355
35.60814	-0.03146
35.63919	-0.03065
35.68058	-0.03146
35.72197	-0.03339
35.76337	-0.03307
35.81511	-0.03097
35.85650	-0.03194
35.90824	-0.02936
35.94963	-0.03242
35.99103	-0.03291
36.04277	-0.03677
36.09451	-0.03307
36.15660	-0.03564
36.20834	-0.03210
36.24973	-0.03291
36.30147	-0.03258
36.34286	-0.02952
36.40495	-0.03049
36.45669	-0.03226
36.50844	-0.03291
36.54983	-0.03242
36.60157	-0.03468
36.66366	-0.03307
36.71540	-0.03516
36.77749	-0.03387
36.82923	-0.03371
36.88097	-0.03113
36.93271	-0.03564
36.98445	-0.03758
37.03619	-0.03258
37.07759	-0.03661
37.12933	-0.03436
37.18107	-0.03339
37.23281	-0.03274
37.29490	-0.03854
37.34664	-0.03113
37.39838	-0.03323
37.43977	-0.03403
37.49151	-0.03323
37.55360	-0.03484
37.61569	-0.03371
37.68813	-0.03323
37.73987	-0.03645
37.79161	-0.03693
37.84335	-0.03436
37.88475	-0.03468
37.93649	-0.03226
37.99858	-0.03597
38.07101	-0.03597
38.12275	-0.03725
38.17450	-0.03339
38.22624	-0.03500
38.27798	-0.03661
38.34007	-0.03564
38.41250	-0.03903
38.47459	-0.03838
38.52633	-0.03387
38.58842	-0.03500
38.64016	-0.03436
38.71260	-0.03564
38.76434	-0.03564
38.82643	-0.03516
38.86782	-0.03339
38.92991	-0.03258
38.99200	-0.03838
39.05409	-0.03709
39.10583	-0.03661
39.16792	-0.03725
39.21966	-0.03419
39.28175	-0.03452
39.33349	-0.03516
39.39558	-0.03758
39.44732	-0.03484
39.50941	-0.03661
39.57150	-0.03645
39.64394	-0.03967
39.70603	-0.03500
39.77847	-0.03774
39.85090	-0.03806
39.91299	-0.03355
39.97508	-0.04015
40.01647	-0.03291
40.06822	-0.03870
40.11996	-0.03564
40.17170	-0.03452
40.23379	-0.03709
40.28553	-0.03629
40.33727	-0.03307
40.37866	-0.03693
40.43040	-0.03613
40.47179	-0.03774
40.52354	-0.03532
40.55458	-0.03564
40.59597	-0.03484
40.63737	-0.03629
40.66841	-0.03774
40.72015	-0.03758
40.76154	-0.03903
40.80294	-0.03629
40.85468	-0.03919
40.89607	-0.03709
40.94781	-0.03532
40.99955	-0.03387
41.05129	-0.03548
41.10303	-0.03613
41.14443	-0.03887
41.19617	-0.03887
41.22721	-0.03725
41.25826	-0.03371
41.28930	-0.03983
41.32035	-0.03291
41.36174	-0.03887
41.40313	-0.03967
41.43418	-0.03790
41.47557	-0.03822
41.51696	-0.03838
41.55836	-0.03210
41.61010	-0.03677
41.65149	-0.03999
41.70323	-0.03693
41.74462	-0.03854
41.79636	-0.03661
41.84811	-0.03516
41.89985	-0.03484
41.95159	-0.03983
42.00333	-0.03613
42.04472	-0.03935
42.09646	-0.04354
42.14820	-0.04064
42.19994	-0.03935
42.24134	-0.03677
42.29308	-0.04096
42.34482	-0.03677
42.39656	-0.04032
42.44830	-0.04112
42.50004	-0.03806
42.54143	-0.03355
42.59318	-0.04305
42.65526	-0.03661
42.69666	-0.03693
42.74840	-0.03548
42.78979	-0.03516
42.84153	-0.03999
42.89327	-0.03613
42.94501	-0.03419
42.99675	-0.03919
43.04850	-0.03580
43.10024	-0.03484
43.15198	-0.03790
43.20372	-0.03774
43.24511	-0.03677
43.28650	-0.03903
43.32790	-0.04048
43.35894	-0.03629
43.40033	-0.03951
43.43138	-0.03742
43.47277	-0.03999
43.51416	-0.03887
43.55556	-0.04015
43.59695	-0.03887
43.64869	-0.03758
43.69008	-0.03854
43.72113	-0.03709
43.75217	-0.03887
43.78322	-0.03742
43.81426	-0.03838
43.85566	-0.03919
43.89705	-0.03983
43.93844	-0.04032
43.99018	-0.04177
44.04192	-0.04225
44.09366	-0.03999
44.15575	-0.04305
44.24889	-0.03951
44.34202	-0.03951
44.44550	-0.03790
44.53864	-0.04144
44.64212	-0.04080
44.74560	-0.03516
44.82839	-0.03822
44.92152	-0.03870
45.01465	-0.03935
45.10779	-0.03854
45.19057	-0.03774
45.28371	-0.03999
45.35614	-0.04112
45.42858	-0.04160
45.49067	-0.03629
45.55276	-0.03645
45.60450	-0.03838
45.66659	-0.03806
45.71833	-0.03919
45.78042	-0.04096
45.84251	-0.04338
45.91495	-0.03484
45.97704	-0.04160
46.04947	-0.04160
46.11156	-0.04128
46.16330	-0.03790
46.23574	-0.03580
46.30818	-0.03838
46.38061	-0.03645
46.45305	-0.03629
46.50479	-0.03854
46.56688	-0.04032
46.61862	-0.04241
46.66002	-0.04096
46.71176	-0.03967
46.77385	-0.03806
46.82559	-0.03903
46.88768	-0.03725
46.93942	-0.04112
46.99116	-0.04338
47.04290	-0.04370
47.09464	-0.03983
47.14638	-0.03919
47.19812	-0.04048
47.26021	-0.04064
47.31195	-0.04096
47.38439	-0.03967
47.44648	-0.04193
47.50857	-0.04193
47.58101	-0.03661
47.63275	-0.03774
47.71553	-0.04015
47.77762	-0.04048
47.85006	-0.04160
47.91215	-0.04322
47.96389	-0.04048
48.01563	-0.03887
48.07772	-0.03870
48.13981	-0.03951
48.20190	-0.04160
48.26399	-0.03693
48.33642	-0.03870
48.39851	-0.04048
48.47095	-0.04048
48.55374	-0.03742
48.60548	-0.03919
48.66757	-0.03806
48.74000	-0.03951
48.80209	-0.03887
48.86418	-0.04080
48.91592	-0.03742
48.97801	-0.03677
49.04010	-0.03919
49.09184	-0.03838
49.15393	-0.04209
49.21602	-0.04499
49.27811	-0.04160
49.34020	-0.03999
49.40229	-0.03870
49.46438	-0.03725
49.53681	-0.03870
49.59890	-0.04144
49.67134	-0.04338
49.73343	-0.03838
49.78517	-0.04177
49.84726	-0.04370
49.89900	-0.04112
49.96109	-0.03967
50.00248	-0.03983
50.05422	-0.04080
50.09562	-0.04096
50.13701	-0.04096
50.17840	-0.03919
50.19910	-0.04032
50.25084	-0.04096
50.29223	-0.04032
50.34397	-0.04193
50.39572	-0.03870
50.45780	-0.04160
50.50955	-0.03693
50.56129	-0.03967
50.60268	-0.04080
50.64407	-0.03983
50.69581	-0.04096
50.74755	-0.03999
50.79929	-0.04160
50.85104	-0.04322
50.89243	-0.03967
50.93382	-0.03758
50.96487	-0.04032
51.00626	-0.03806
51.04765	-0.03790
51.08904	-0.03725
51.12009	-0.04177
51.16148	-0.04225
51.20287	-0.04177
51.23392	-0.03854
51.27531	-0.03516
51.30636	-0.03822
51.34775	-0.04193
51.37879	-0.03758
51.42019	-0.04160
51.46158	-0.04177
51.49262	-0.04112
51.52367	-0.04048
51.55471	-0.04015
51.59611	-0.03532
51.64785	-0.04080
51.69959	-0.04193
51.75133	-0.03742
51.81342	-0.03999
51.86516	-0.03597
51.91690	-0.04160
51.96864	-0.03790
52.02038	-0.04257
52.07212	-0.04064
52.13421	-0.03919
52.19630	-0.03951
52.24804	-0.03742
52.31013	-0.03999
52.37222	-0.03870
52.42396	-0.04483
52.47570	-0.04160
52.53779	-0.03935
52.57918	-0.03983
52.63093	-0.03919
52.68267	-0.03725
52.74476	-0.04241
52.79650	-0.04225
52.85859	-0.03806
52.91033	-0.03709
52.96207	-0.03903
53.00346	-0.04322
53.05520	-0.03967
53.10694	-0.03854
53.15868	-0.04338
53.21042	-0.04579
53.26217	-0.03725
53.31391	-0.04338
53.37600	-0.04370
53.43808	-0.04160
53.51052	-0.04096
53.57261	-0.03822
53.64505	-0.04064
53.70714	-0.04048
53.77958	-0.03887
53.84166	-0.04096
53.90375	-0.04160
53.96584	-0.04370
54.01758	-0.04080
54.05898	-0.03935
54.10037	-0.04177
54.15211	-0.03629
54.20385	-0.04015
54.25559	-0.03597
54.29698	-0.03758
54.34873	-0.03822
54.39012	-0.04160
54.44186	-0.04241
54.48325	-0.03822
54.51430	-0.03822
54.55569	-0.04144
54.59708	-0.03468
54.64882	-0.03999
54.71091	-0.03725
54.78335	-0.03693
54.83509	-0.03613
54.89718	-0.03854
54.94892	-0.03967
54.97997	-0.03919
55.02136	-0.03999
55.07310	-0.03806
55.13519	-0.03774
55.19728	-0.03806
55.25937	-0.03903
55.31111	-0.03580
55.36285	-0.03935
55.40424	-0.04112
55.44563	-0.04048
55.48703	-0.03903
55.52842	-0.04080
55.56981	-0.04386
55.60086	-0.03661
55.64225	-0.03806
55.68364	-0.03709
55.71469	-0.03725
55.75608	-0.03580
55.80782	-0.03677
55.84921	-0.03838
55.90096	-0.03951
55.96304	-0.03838
56.02513	-0.03951
56.09757	-0.03758
56.14931	-0.03725
56.21140	-0.03532
56.26314	-0.03870
56.32523	-0.03629
56.39767	-0.03742
56.44941	-0.03661
56.50115	-0.03597
56.55289	-0.03758
56.60463	-0.03870
56.64603	-0.04177
56.68742	-0.04225
56.72881	-0.03742
56.77020	-0.04193
56.80125	-0.04177
56.84264	-0.03838
56.88403	-0.03790
56.92543	-0.03725
56.96682	-0.03983
57.00821	-0.03629
57.03926	-0.03999
57.08065	-0.03887
57.13239	-0.04160
57.17378	-0.04144
57.23587	-0.03999
57.28761	-0.04322
57.33935	-0.03822
57.39110	-0.03822
57.44284	-0.03838
57.49458	-0.03790
57.55667	-0.03564
57.61876	-0.03645
57.67050	-0.04515
57.72224	-0.04241
57.77398	-0.03758
57.82572	-0.03822
57.87746	-0.04273
57.92920	-0.04015
57.99129	-0.03790
58.04303	-0.04015
58.09477	-0.04032
58.14651	-0.03919
58.18791	-0.03822
58.21895	-0.03580
58.26034	-0.04289
58.30174	-0.04015
58.35348	-0.03887
58.40522	-0.03887
58.44661	-0.03854
58.47766	-0.03919
58.52940	-0.03806
58.57079	-0.03758
58.61218	-0.03564
58.65358	-0.03870
58.68462	-0.03806
58.71566	-0.03854
58.74671	-0.03887
58.76741	-0.03629
58.78810	-0.03806
58.80880	-0.03468
58.82949	-0.03468
58.85019	-0.03935
58.87089	-0.03774
58.90193	-0.03903
58.93298	-0.03951
58.95367	-0.03468
58.98472	-0.03742
59.02611	-0.03774
59.05716	-0.04144
59.09855	-0.03870
59.13994	-0.03661
59.17099	-0.04144
59.20203	-0.03919
59.23307	-0.03725
59.27447	-0.03661
59.30551	-0.03403
59.33656	-0.03838
59.36760	-0.04015
59.38830	-0.03967
59.41934	-0.03951
59.45039	-0.03580
59.47108	-0.04193
59.50213	-0.03887
59.52282	-0.03935
59.54352	-0.03742
59.56422	-0.03919
59.58491	-0.03903
59.60561	-0.03854
59.62631	-0.03613
59.64700	-0.03661
59.66770	-0.03709
59.68840	-0.04064
59.70909	-0.03516
59.72979	-0.03742
59.75048	-0.03919
59.78153	-0.03870
59.81257	-0.03967
59.85397	-0.03629
59.88501	-0.03564
59.93675	-0.04112
59.98849	-0.03951
60.02989	-0.04193
60.08163	-0.03903
60.13337	-0.03725
60.17476	-0.03339
60.21615	-0.04032
60.25755	-0.03629
60.29894	-0.03709
60.35068	-0.04080
60.39207	-0.03629
60.43347	-0.03725
60.47486	-0.03919
60.51625	-0.03887
60.55764	-0.03903
60.59904	-0.03709
60.63008	-0.03742
60.66113	-0.03548
60.70252	-0.03725
60.74391	-0.03564
60.78530	-0.03725
60.82670	-0.03613
60.87844	-0.03725
60.93018	-0.03597
60.98192	-0.03580
61.03366	-0.03532
61.08540	-0.03887
61.12679	-0.04015
61.18888	-0.03645
61.24062	-0.03887
61.30271	-0.03854
61.37515	-0.03661
61.43724	-0.03806
61.49933	-0.03758
61.54072	-0.03709
61.59246	-0.03725
61.63386	-0.03693
61.68560	-0.03870
61.72699	-0.03951
61.76838	-0.03597
61.82012	-0.03532
61.86152	-0.03693
61.91326	-0.03677
61.95465	-0.03661
61.99604	-0.03870
62.03744	-0.04096
62.07883	-0.03999
62.10987	-0.03597
62.15127	-0.03693
62.19266	-0.03742
62.24440	-0.03548
62.28579	-0.03500
62.33753	-0.03629
62.37893	-0.03564
62.43067	-0.03291
62.49276	-0.03532
62.54450	-0.03597
62.60659	-0.03806
62.67902	-0.03887
62.75146	-0.03371
62.80320	-0.03742
62.85494	-0.03403
62.89634	-0.03629
62.92738	-0.03693
62.96877	-0.03436
63.02051	-0.03645
63.07226	-0.03468
63.11365	-0.03258
63.15504	-0.03387
63.19643	-0.03307
63.23783	-0.03355
63.27922	-0.03822
63.34131	-0.03452
63.40340	-0.03323
63.46549	-0.03484
63.52758	-0.03339
63.58967	-0.03709
63.64141	-0.03017
63.69315	-0.03339
63.74489	-0.03371
63.78628	-0.03564
63.82767	-0.03452
63.87941	-0.03452
63.93116	-0.03291
63.97255	-0.03291
64.02429	-0.03081
64.06568	-0.03645
64.11742	-0.03629
64.16916	-0.03790
64.22091	-0.03355
64.28299	-0.03484
64.34508	-0.03403
64.39682	-0.03452
64.44857	-0.03742
64.51065	-0.03548
64.56240	-0.02936
64.61414	-0.03081
64.67623	-0.03436
64.73831	-0.03146
64.79006	-0.03162
64.85214	-0.03291
64.90389	-0.03001
64.94528	-0.03081
64.99702	-0.03097
65.04876	-0.03146
65.09015	-0.03645
65.14189	-0.03258
65.18329	-0.03146
65.22468	-0.03339
65.25572	-0.03274
65.30747	-0.03564
65.34886	-0.03274
65.39025	-0.03194
65.44199	-0.03242
65.48338	-0.03226
65.53513	-0.03113
65.58687	-0.02904
65.62826	-0.03001
65.68000	-0.02920
65.73174	-0.03274
65.78348	-0.03065
65.83522	-0.02904
65.89731	-0.03049
65.94905	-0.03307
66.01114	-0.03580
66.07323	-0.03436
66.14567	-0.03323
66.19741	-0.03403
66.24915	-0.03468
66.31124	-0.02888
66.36298	-0.03822
66.41472	-0.03129
66.46646	-0.02984
66.50786	-0.02662
66.55960	-0.03049
66.61134	-0.03194
66.65273	-0.03178
66.69412	-0.02952
66.73552	-0.02743
66.78726	-0.03113
66.81830	-0.03097
66.85970	-0.03339
66.89074	-0.02807
66.92178	-0.03194
66.96318	-0.02904
67.00457	-0.03065
67.04596	-0.02839
67.08736	-0.02952
67.11840	-0.03468
67.15979	-0.03436
67.19084	-0.03226
67.21153	-0.03081
67.23223	-0.03387
67.25293	-0.03307
67.27362	-0.02549
67.29432	-0.02839
67.31502	-0.02872
67.34606	-0.03065
67.38745	-0.02759
67.41850	-0.02694
67.44954	-0.02678
67.48059	-0.02839
67.51163	-0.02598
67.54268	-0.03226
67.57372	-0.03081
67.61511	-0.03017
67.65651	-0.02920
67.69790	-0.02839
67.72894	-0.02872
67.75999	-0.03065
67.79103	-0.02839
67.81173	-0.02936
67.83243	-0.02968
67.85312	-0.03194
67.87382	-0.02936
67.89451	-0.02807
67.92556	-0.03049
67.95660	-0.02646
67.98765	-0.02759
68.02904	-0.03355
68.06009	-0.03081
68.09113	-0.02920
68.12217	-0.02936
68.16357	-0.02823
68.20496	-0.03146
68.24635	-0.02694
68.27740	-0.02807
68.32914	-0.02711
68.36018	-0.03097
68.40158	-0.02952
68.43262	-0.02952
68.46367	-0.03242
68.48436	-0.03097
68.50506	-0.02839
68.53610	-0.02839
68.56715	-0.03065
68.58784	-0.02775
68.61889	-0.02453
68.64993	-0.03242
68.69133	-0.02807
68.72237	-0.02743
68.76376	-0.02694
68.80516	-0.02775
68.83620	-0.03065
68.87759	-0.02791
68.91899	-0.03065
68.95003	-0.03065
68.99142	-0.02678
69.01212	-0.02775
69.04316	-0.02727
69.07421	-0.03017
69.10525	-0.02839
69.13630	-0.02872
69.16734	-0.02517
69.19839	-0.02404
69.22943	-0.02759
69.28117	-0.02582
69.32257	-0.02437
69.36396	-0.02404
69.41570	-0.03017
69.46744	-0.02662
69.51918	-0.02807
69.57092	-0.02533
69.62266	-0.02372
69.67440	-0.02243
69.72615	-0.02549
69.76754	-0.02984
69.80893	-0.02630
69.85032	-0.02807
69.89172	-0.02791
69.93311	-0.02743
69.97450	-0.02662
70.00555	-0.02437
70.04694	-0.02517
70.06764	-0.02614
70.10903	-0.02614
70.14007	-0.03017
70.17112	-0.02372
70.23321	-0.02115
70.29530	-0.02566
70.34704	-0.02356
70.41947	-0.02340
70.48156	-0.02501
70.55400	-0.02404
70.62644	-0.01889
70.67818	-0.01905
70.72992	-0.02082
70.79201	-0.02034
70.83340	-0.01953
70.87480	-0.02115
70.90584	-0.01599
70.93688	-0.01663
70.96793	-0.01857
70.99897	-0.01776
71.04037	-0.01518
71.07141	-0.01470
71.12315	-0.01551
71.16454	-0.01567
71.20594	-0.01486
71.25768	-0.01406
71.28872	-0.01341
71.33012	-0.01293
71.37151	-0.01341
71.40255	-0.01406
71.43360	-0.01261
71.46464	-0.01535
71.49569	-0.01083
71.51638	-0.01083
71.55778	-0.01341
71.57847	-0.01100
71.61987	-0.01019
71.66126	-0.01067
71.68195	-0.01245
71.71300	-0.01325
71.73370	-0.01261
71.75439	-0.01518
71.78544	-0.01309
71.81648	-0.01470
71.85787	-0.01502
71.89927	-0.01696
71.94066	-0.01921
71.97170	-0.01535
72.01310	-0.01680
72.03379	-0.02034
72.06484	-0.02147
72.09588	-0.02050
72.13728	-0.01825
72.17867	-0.02082
72.22006	-0.02211
72.27180	-0.01808
72.33389	-0.02340
72.38563	-0.02098
72.44772	-0.02356
72.50981	-0.02018
72.56155	-0.02421
72.61329	-0.02195
72.65468	-0.02292
72.69608	-0.02292
72.72712	-0.02115
72.74782	-0.02582
72.77886	-0.02227
72.80991	-0.02211
72.84095	-0.01905
72.87200	-0.02082
72.90304	-0.02259
72.94443	-0.02437
72.97548	-0.02098
73.01687	-0.02292
73.04792	-0.01792
73.07896	-0.02549
73.11001	-0.02098
73.15140	-0.01937
73.19279	-0.02082
73.22384	-0.02034
73.26523	-0.02211
73.30662	-0.02356
73.33767	-0.02131
73.37906	-0.02276
73.41010	-0.02179
73.45150	-0.02517
73.48254	-0.01841
73.51359	-0.02115
73.54463	-0.02356
73.57567	-0.02308
73.61707	-0.01953
73.63776	-0.01937
73.66881	-0.02566
73.69985	-0.01776
73.73090	-0.02259
73.76194	-0.02082
73.78264	-0.02308
73.81368	-0.02082
73.84473	-0.02453
73.87577	-0.02372
73.91716	-0.02131
73.94821	-0.02292
73.97925	-0.02002
74.01030	-0.02179
74.05169	-0.01953
74.07239	-0.02292
74.10343	-0.02517
74.12413	-0.02082
74.14483	-0.02292
74.16552	-0.02050
74.18622	-0.02243
74.20691	-0.01921
74.22761	-0.01970
74.24831	-0.02082
74.27935	-0.02195
74.30005	-0.02292
74.32074	-0.02437
74.35179	-0.02743
74.37249	-0.02211
74.39318	-0.02163
74.41388	-0.02066
74.43457	-0.02050
74.46562	-0.01986
74.48632	-0.01970
74.51736	-0.02131
74.54840	-0.02082
74.58980	-0.02292
74.63119	-0.01454
74.68293	-0.02211
74.73467	-0.02388
74.78641	-0.02131
74.82781	-0.02421
74.85885	-0.02195
74.88990	-0.02179
74.92094	-0.02292
74.94164	-0.02147
74.97268	-0.02002
74.99338	-0.02115
75.01407	-0.01921
75.04512	-0.02163
75.06581	-0.02002
75.09686	-0.02437
75.13825	-0.02018
75.18999	-0.01647
75.23139	-0.02211
75.29347	-0.01937
75.34522	-0.02066
75.40730	-0.01873
75.47974	-0.01905
75.55218	-0.02147
75.62462	-0.02388
75.69705	-0.02018
75.75914	-0.02082
75.83158	-0.02098
75.90402	-0.01744
75.95576	-0.01841
76.02820	-0.01921
76.09029	-0.01663
76.14203	-0.01631
76.20412	-0.01728
76.25586	-0.01680
76.29725	-0.01953
76.34899	-0.02034
76.40073	-0.01808
76.45247	-0.01873
76.50421	-0.01953
76.55595	-0.01647
76.60770	-0.01760
76.64909	-0.02082
76.69048	-0.02131
76.73187	-0.02147
76.77327	-0.01841
76.81466	-0.01567
76.85605	-0.01696
76.89745	-0.01937
76.94919	-0.01841
77.01128	-0.01776
77.05267	-0.01825
77.10441	-0.01873
77.15615	-0.01808
77.19754	-0.01551
77.24928	-0.01680
77.30102	-0.01744
77.34242	-0.01970
77.40451	-0.02276
77.47694	-0.01696
77.54938	-0.01889
77.64252	-0.01647
77.73565	-0.01712
77.84948	-0.02002
77.95296	-0.01825
78.04610	-0.01680
78.12888	-0.01454
78.20132	-0.01551
78.27376	-0.01551
78.33584	-0.01921
78.36689	-0.01502
78.40828	-0.01663
78.43933	-0.01986
78.47037	-0.01615
78.48072	-0.01518
78.50142	-0.01567
78.51176	-0.01857
78.53246	-0.01406
78.55316	-0.01502
78.57385	-0.01518
78.60490	-0.01744
78.63594	-0.01567
78.67733	-0.01615
78.71873	-0.01164
78.77047	-0.01647
78.83256	-0.01808
78.89465	-0.01647
78.95674	-0.01953
79.01883	-0.01680
79.07057	-0.01518
79.12231	-0.01486
79.18440	-0.01712
79.23614	-0.01615
79.29823	-0.01422
79.37066	-0.01776
79.45345	-0.01438
79.53624	-0.01567
79.62937	-0.01712
79.71215	-0.01567
79.80529	-0.01196
79.88807	-0.01325
79.98121	-0.01921
80.07434	-0.01712