0.08992752295
0.179930442
0.05874114289999999
0.7388647724500005
0.17203420889999985
0.01631233625
0.0344864238
0.04663391765
0.2173181202500001
0.0433647085
0.2586848486499999
0.26692800675
0.30800668779999996
0.28309795560000006
0.3159537160500001
0.21735297039999996
0.26047466295000005
0.2564095883
0.2678012707
0.26027403810000005
0.29554416080000007
0.24573863149999997
0.17633599019999988
0.2742381729499999
1.1680219317500007
1.7176315744999995
1.9300682663500006
0.44580347735000025
1.444117211749999
0.9592665295499996
0.5980419220999997
0.5697761876999998
1.2496961703000011
0.7931168031999993
0.9072411510000004
0.7109373465999996
1.0320262495500003
0.9731357959999999
0.7873700615999998
1.0899530151999997
0.9578560836000001
0.8830347706499997
0.9717480481499993
0.7838938651000003
